-1 0.35322690848236
-0.995991983967936 0.353916198818154
-0.991983967935872 0.354439114925153
-0.987975951903808 0.354792871123738
-0.983967935871743 0.354974743436529
-0.979959919839679 0.354982072203332
-0.975951903807615 0.354812264685615
-0.971943887775551 0.354462797658412
-0.967935871743487 0.353931219987576
-0.963927855711423 0.353215155190232
-0.959919839679359 0.352312303976314
-0.955911823647295 0.351220446769039
-0.95190380761523 0.349937446202155
-0.947895791583166 0.348461249591818
-0.943887775551102 0.346789891380908
-0.939879759519038 0.344921495553632
-0.935871743486974 0.342854278018225
-0.93186372745491 0.340586548955575
-0.927855711422846 0.338116715131606
-0.923847695390782 0.33544328217123
-0.919839679358717 0.332564856791719
-0.915831663326653 0.329480148993318
-0.911823647294589 0.326187974204963
-0.907815631262525 0.322687255382948
-0.903807615230461 0.318977025060424
-0.899799599198397 0.315056427345598
-0.895791583166333 0.310924719866554
-0.891783567134269 0.306581275660594
-0.887775551102204 0.302025585006056
-0.88376753507014 0.297257257194556
-0.879759519038076 0.292276022241651
-0.875751503006012 0.287081732533924
-0.871743486973948 0.281674364410545
-0.867735470941884 0.276054019677358
-0.86372745490982 0.270220927051613
-0.859719438877755 0.264175443535473
-0.855711422845691 0.257918055716467
-0.851703406813627 0.25144938099309
-0.847695390781563 0.244770168723818
-0.843687374749499 0.237881301297814
-0.839679358717435 0.230783795125657
-0.835671342685371 0.223478801548494
-0.831663326653307 0.21596760766401
-0.827655310621243 0.208251637067724
-0.823647294589178 0.20033245050812
-0.819639278557114 0.192211746454187
-0.81563126252505 0.183891361574028
-0.811623246492986 0.17537327112319
-0.807615230460922 0.166659589241505
-0.803607214428858 0.15775256915721
-0.799599198396794 0.148654603297243
-0.795591182364729 0.139368223302628
-0.791583166332665 0.129896099947957
-0.787575150300601 0.120241042964016
-0.783567134268537 0.110406000762699
-0.779559118236473 0.100394060063384
-0.775551102204409 0.0902084454200653
-0.771543086172345 0.0798525186485534
-0.767535070140281 0.069329778153163
-0.763527054108216 0.0586438581523785
-0.759519038076152 0.0477985278030405
-0.755511022044088 0.0367976902226988
-0.751503006012024 0.0256453814098368
-0.74749498997996 0.0143457690617551
-0.743486973947896 0.00290315128998787
-0.739478957915832 -0.00867804476681009
-0.735470941883767 -0.0203932644324745
-0.731462925851703 -0.0322378270853278
-0.727454909819639 -0.0442069278523798
-0.723446893787575 -0.0562956394054532
-0.719438877755511 -0.0684989138588806
-0.715430861723447 -0.0808115847683369
-0.711422845691383 -0.0932283692302768
-0.707414829659319 -0.105743870081381
-0.703406813627254 -0.118352578197313
-0.69939879759519 -0.131048874890013
-0.695390781563126 -0.143827034402666
-0.691382765531062 -0.156681226501407
-0.687374749498998 -0.169605519162728
-0.683366733466934 -0.182593881355467
-0.67935871743487 -0.195640185916194
-0.675350701402806 -0.208738212516704
-0.671342685370741 -0.221881650722253
-0.667334669338677 -0.235064103139082
-0.663326653306613 -0.24827908864971
-0.659318637274549 -0.261520045734371
-0.655310621242485 -0.2747803358769
-0.651302605210421 -0.2880532470533
-0.647294589178357 -0.301331997301124
-0.643286573146293 -0.314609738367749
-0.639278557114228 -0.327879559435508
-0.635270541082164 -0.341134490921618
-0.6312625250501 -0.354367508350716
-0.627254509018036 -0.367571536297765
-0.623246492985972 -0.380739452399027
-0.619238476953908 -0.393864091428708
-0.615230460921844 -0.406938249438815
-0.61122244488978 -0.419954687959708
-0.607214428857715 -0.432906138258751
-0.603206412825651 -0.445785305654393
-0.599198396793587 -0.458584873882965
-0.595190380761523 -0.47129750951541
-0.591182364729459 -0.483915866421086
-0.587174348697395 -0.496432590275742
-0.583166332665331 -0.508840323110717
-0.579158316633267 -0.521131707900323
-0.575150300601202 -0.53329939318436
-0.571142284569138 -0.545336037722633
-0.567134268537074 -0.557234315178317
-0.56312625250501 -0.568986918826933
-0.559118236472946 -0.5805865662877
-0.555110220440882 -0.592026004273954
-0.551102204408818 -0.603298013359302
-0.547094188376753 -0.614395412756128
-0.543086172344689 -0.625311065103058
-0.539078156312625 -0.636037881257939
-0.535070140280561 -0.646568825092861
-0.531062124248497 -0.656896918287746
-0.527054108216433 -0.667015245118975
-0.523046092184369 -0.676916957239522
-0.519038076152305 -0.686595278447046
-0.51503006012024 -0.696043509436379
-0.511022044088176 -0.705255032532821
-0.507014028056112 -0.714223316402657
-0.503006012024048 -0.722941920737324
-0.498997995991984 -0.731404500907595
-0.49498997995992 -0.739604812584228
-0.490981963927856 -0.74753671632145
-0.486973947895792 -0.755194182099715
-0.482965931863727 -0.762571293824154
-0.478957915831663 -0.769662253775142
-0.474949899799599 -0.776461387007449
-0.470941883767535 -0.782963145694432
-0.466933867735471 -0.789162113413764
-0.462925851703407 -0.79505300937121
-0.458917835671343 -0.800630692559003
-0.454909819639279 -0.805890165845376
-0.450901803607214 -0.810826579991872
-0.44689378757515 -0.815435237595066
-0.442885771543086 -0.819711596949379
-0.438877755511022 -0.823651275827717
-0.434869739478958 -0.827250055176698
-0.430861723446894 -0.830503882723283
-0.42685370741483 -0.833408876489691
-0.422845691382766 -0.835961328213507
-0.418837675350701 -0.838157706669979
-0.414829659318637 -0.839994660893527
-0.410821643286573 -0.841469023295581
-0.406813627254509 -0.842577812675911
-0.402805611222445 -0.84331823712468
-0.398797595190381 -0.843687696812534
-0.394789579158317 -0.843683786666107
-0.390781563126252 -0.843304298926385
-0.386773547094188 -0.842547225587488
-0.382765531062124 -0.841410760713452
-0.37875751503006 -0.839893302630738
-0.374749498997996 -0.83799345599423
-0.370741482965932 -0.835710033724597
-0.366733466933868 -0.833042058814994
-0.362725450901804 -0.829988766005125
-0.35871743486974 -0.826549603320843
-0.354709418837675 -0.82272423347751
-0.350701402805611 -0.818512535145461
-0.346693386773547 -0.813914604076016
-0.342685370741483 -0.808930754086578
-0.338677354709419 -0.803561517903449
-0.334669338677355 -0.797807647861138
-0.330661322645291 -0.791670116456986
-0.326653306613226 -0.785150116760088
-0.322645290581162 -0.778249062673578
-0.318637274549098 -0.770968589049454
-0.314629258517034 -0.763310551655238
-0.31062124248497 -0.755277026991878
-0.306613226452906 -0.746870311962392
-0.302605210420842 -0.738092923390911
-0.298597194388778 -0.728947597391848
-0.294589178356713 -0.71943728858905
-0.290581162324649 -0.709565169184932
-0.286573146292585 -0.69933462787966
-0.282565130260521 -0.688749268640615
-0.278557114228457 -0.677812909322447
-0.274549098196393 -0.666529580138178
-0.270541082164329 -0.654903521981902
-0.266533066132265 -0.64293918460377
-0.2625250501002 -0.630641224638058
-0.258517034068136 -0.618014503485209
-0.254509018036072 -0.605064085048915
-0.250501002004008 -0.591795233329337
-0.246492985971944 -0.57821340987377
-0.24248496993988 -0.564324271086091
-0.238476953907816 -0.550133665396496
-0.234468937875752 -0.535647630293128
-0.230460921843687 -0.520872389217298
-0.226452905811623 -0.505814348324141
-0.222444889779559 -0.490480093110624
-0.218436873747495 -0.474876384912958
-0.214428857715431 -0.459010157275571
-0.210420841683367 -0.442888512193875
-0.206412825651303 -0.426518716233219
-0.202404809619238 -0.409908196526457
-0.198396793587174 -0.393064536652724
-0.19438877755511 -0.375995472400062
-0.190380761523046 -0.358708887414661
-0.186372745490982 -0.341212808739572
-0.182364729458918 -0.32351540224584
-0.178356713426854 -0.305624967959076
-0.17434869739479 -0.287549935284628
-0.170340681362725 -0.269298858134528
-0.166332665330661 -0.250880409959528
-0.162324649298597 -0.232303378689594
-0.158316633266533 -0.213576661586327
-0.154308617234469 -0.194709260010811
-0.150300601202405 -0.17571027411052
-0.146292585170341 -0.156588897428945
-0.142284569138277 -0.137354411441672
-0.138276553106212 -0.118016180022733
-0.134268537074148 -0.0985836438450797
-0.130260521042084 -0.0790663147191142
-0.12625250501002 -0.0594737698732445
-0.122244488977956 -0.0398156461805051
-0.118236472945892 -0.0201016343353149
-0.114228456913828 -0.000341472984497789
-0.110220440881764 0.0194550571832663
-0.106212424849699 0.0392781393853585
-0.102204408817635 0.0591179267262637
-0.0981963927855711 0.0789645482074694
-0.094188376753507 0.0988081147619203
-0.0901803607214429 0.118638725308704
-0.0861723446893787 0.138446472823622
-0.0821643286573146 0.158221450421285
-0.0781563126252505 0.177953757444352
-0.0741482965931863 0.197633505555524
-0.0701402805611222 0.217250824827906
-0.0661322645290581 0.236795869829327
-0.0621242484969939 0.256258825696234
-0.0581162324649298 0.275629914192747
-0.0541082164328658 0.294899399750515
-0.0501002004008017 0.314057595484973
-0.0460921843687375 0.333094869183655
-0.0420841683366734 0.352001649262212
-0.0380761523046093 0.370768430683829
-0.0340681362725451 0.389385780837727
-0.030060120240481 0.407844345372507
-0.0260521042084169 0.426134853980076
-0.0220440881763527 0.444248126125998
-0.0180360721442886 0.462175076722066
-0.0140280561122245 0.479906721737026
-0.0100200400801603 0.49743418374135
-0.0060120240480962 0.514748697382073
-0.00200400801603207 0.531841614783699
0.00200400801603196 0.548704410871288
0.00601202404809609 0.565328688611879
0.0100200400801602 0.581706184170442
0.0140280561122244 0.597828771976667
0.0180360721442885 0.613688469698916
0.0220440881763526 0.629277443121778
0.0260521042084167 0.644588010923716
0.0300601202404809 0.659612649351372
0.034068136272545 0.674343996787211
0.0380761523046091 0.688774858207208
0.0420841683366733 0.702898209525433
0.0460921843687374 0.716707201822432
0.0501002004008015 0.730195165454407
0.0541082164328657 0.743355614040304
0.0581162324649298 0.75618224832399
0.0621242484969939 0.768668959908825
0.0661322645290581 0.780809834862003
0.0701402805611222 0.792599157186176
0.0741482965931863 0.80403141215595
0.0781563126252505 0.815101289516953
0.0821643286573146 0.825803686545302
0.0861723446893787 0.836133710965384
0.0901803607214429 0.846086683723987
0.094188376753507 0.855658141618921
0.0981963927855711 0.864843839780415
0.102204408817635 0.873639754003632
0.106212424849699 0.882042082930829
0.110220440881764 0.890047250081757
0.114228456913828 0.897651905731032
0.118236472945892 0.904852928631338
0.122244488977956 0.911647427581425
0.12625250501002 0.918032742838001
0.130260521042084 0.924006447370726
0.134268537074148 0.929566347959657
0.138276553106212 0.934710486134588
0.142284569138277 0.939437138955887
0.146292585170341 0.943744819636519
0.150300601202405 0.947632278005099
0.154308617234469 0.951098500809917
0.158316633266533 0.954142711864014
0.162324649298597 0.956764372031513
0.166332665330661 0.958963179055517
0.170340681362726 0.960739067228021
0.17434869739479 0.962092206902401
0.178356713426854 0.963023003849163
0.182364729458918 0.963532098455759
0.186372745490982 0.96362036477139
0.190380761523046 0.963288909397831
0.19438877755511 0.962539070227448
0.198396793587174 0.961372415029666
0.202404809619239 0.959790739887285
0.206412825651303 0.957796067484133
0.210420841683367 0.955390645245676
0.214428857715431 0.952576943334299
0.218436873747495 0.949357652501087
0.222444889779559 0.945735681796042
0.226452905811623 0.941714156138772
0.230460921843687 0.937296413751798
0.234468937875751 0.932486003458706
0.238476953907816 0.927286681849505
0.24248496993988 0.921702410315604
0.246492985971944 0.915737351956954
0.250501002004008 0.909395868363963
0.254509018036072 0.902682516276905
0.258517034068136 0.895602044125601
0.2625250501002 0.888159388452275
0.266533066132264 0.880359670220526
0.270541082164329 0.87220819101346
0.274549098196393 0.863710429124105
0.278557114228457 0.854872035541291
0.282565130260521 0.845698829834248
0.286573146292585 0.836196795939262
0.290581162324649 0.826372077851757
0.294589178356713 0.816230975227282
0.298597194388778 0.805779938894884
0.302605210420842 0.795025566286449
0.306613226452906 0.783974596785621
0.31062124248497 0.77263390699997
0.314629258517034 0.761010505960101
0.318637274549098 0.749111530249487
0.322645290581162 0.736944239068787
0.326653306613226 0.724516009238501
0.330661322645291 0.711834330143808
0.334669338677355 0.698906798625479
0.338677354709419 0.68574111382079
0.342685370741483 0.672345071958357
0.346693386773547 0.658726561110868
0.350701402805611 0.64489355590967
0.354709418837675 0.630854112225207
0.35871743486974 0.616616361817303
0.362725450901804 0.60218850695928
0.366733466933868 0.587578815039938
0.370741482965932 0.572795613147373
0.374749498997996 0.55784728263865
0.37875751503006 0.542742253699321
0.382765531062124 0.527488999896757
0.386773547094188 0.512096032731277
0.390781563126253 0.496571896189016
0.394789579158317 0.480925161300461
0.398797595190381 0.465164420708565
0.402805611222445 0.449298283250322
0.406813627254509 0.43333536855565
0.410821643286573 0.417284301667395
0.414829659318637 0.401153707686255
0.418837675350701 0.384952206444353
0.422845691382766 0.368688407211166
0.42685370741483 0.35237090343548
0.430861723446894 0.336008267526961
0.434869739478958 0.319609045680927
0.438877755511022 0.303181752749816
0.442885771543086 0.286734867164813
0.44689378757515 0.270276825911028
0.450901803607214 0.253816019559557
0.454909819639278 0.237360787359723
0.458917835671343 0.220919412394678
0.462925851703407 0.204500116803526
0.466933867735471 0.188111057073038
0.470941883767535 0.171760319401956
0.474949899799599 0.155455915140817
0.478957915831663 0.139205776310152
0.482965931863727 0.12301775119983
0.486973947895792 0.106899600052242
0.490981963927856 0.0908589908319483
0.49498997995992 0.0749034950843111
0.498997995991984 0.059040583885563
0.503006012024048 0.0432776238866743
0.507014028056112 0.0276218734532897
0.511022044088176 0.0120804789039242
0.51503006012024 -0.00333952915148989
0.519038076152305 -0.0186312393707002
0.523046092184369 -0.0337878631339641
0.527054108216433 -0.0488027378927898
0.531062124248497 -0.0636693304108657
0.535070140280561 -0.07838123989555
0.539078156312625 -0.0929322010183853
0.543086172344689 -0.107316086823198
0.547094188376753 -0.121526911520446
0.551102204408818 -0.135558833166568
0.555110220440882 -0.14940615622719
0.559118236472946 -0.163063334023144
0.56312625250501 -0.176524971058343
0.567134268537074 -0.189785825228667
0.571142284569138 -0.20284080991111
0.575150300601202 -0.215684995932517
0.579158316633267 -0.228313613417381
0.583166332665331 -0.240722053514222
0.587174348697395 -0.252905870000194
0.591182364729459 -0.264860780763653
0.595190380761523 -0.276582669164531
0.599198396793587 -0.288067585272433
0.603206412825651 -0.299311746982486
0.607214428857715 -0.310311541009068
0.61122244488978 -0.321063523757619
0.615230460921844 -0.331564422074849
0.619238476953908 -0.341811133877747
0.623246492985972 -0.351800728661874
0.627254509018036 -0.361530447889518
0.6312625250501 -0.370997705258402
0.635270541082164 -0.380200086851673
0.639278557114229 -0.389135351170048
0.643286573146293 -0.397801429047017
0.647294589178357 -0.406196423448139
0.651302605210421 -0.414318609155518
0.655310621242485 -0.42216643233863
0.659318637274549 -0.429738510012767
0.663326653306613 -0.437033629386417
0.667334669338677 -0.444050747099005
0.671342685370741 -0.450788988350463
0.675350701402806 -0.457247645924181
0.67935871743487 -0.463426179104983
0.683366733466934 -0.469324212493795
0.687374749498998 -0.474941534720782
0.691382765531062 -0.480278097058762
0.695390781563126 -0.485334011938801
0.69939879759519 -0.490109551369911
0.703406813627254 -0.494605145264876
0.707414829659319 -0.498821379674239
0.711422845691383 -0.5027589949306
0.715430861723447 -0.506418883705343
0.719438877755511 -0.509802088980045
0.723446893787575 -0.5129098019348
0.727454909819639 -0.51574335975578
0.731462925851703 -0.518304243364369
0.735470941883767 -0.520594075070256
0.739478957915832 -0.522614616150926
0.743486973947896 -0.524367764359989
0.74749498997996 -0.525855551366855
0.751503006012024 -0.527080140130266
0.755511022044088 -0.528043822208254
0.759519038076152 -0.528749015007078
0.763527054108216 -0.529198258971765
0.767535070140281 -0.529394214720858
0.771543086172345 -0.529339660128027
0.775551102204409 -0.529037487353184
0.779559118236473 -0.528490699825785
0.783567134268537 -0.527702409183
0.787575150300601 -0.526675832165435
0.791583166332665 -0.525414287473113
0.795591182364729 -0.523921192584411
0.799599198396794 -0.522200060540665
0.803607214428858 -0.520254496699139
0.807615230460922 -0.518088195457078
0.811623246492986 -0.515704936949521
0.81563126252505 -0.513108583723586
0.819639278557114 -0.510303077391903
0.823647294589178 -0.507292435267866
0.827655310621243 -0.504080746985367
0.831663326653307 -0.500672171105653
0.835671342685371 -0.497070931713938
0.839679358717435 -0.493281315008376
0.843687374749499 -0.489307665883973
0.847695390781563 -0.485154384514022
0.851703406813627 -0.480825922931578
0.855711422845691 -0.4763267816135
0.859719438877756 -0.471661506069531
0.86372745490982 -0.466834683438885
0.867735470941884 -0.461850939096742
0.871743486973948 -0.456714933273055
0.875751503006012 -0.451431357686001
0.879759519038076 -0.446004932192419
0.88376753507014 -0.440440401457476
0.887775551102205 -0.434742531645821
0.891783567134268 -0.428916107136415
0.895791583166333 -0.422965927263179
0.899799599198397 -0.41689680308358
0.903807615230461 -0.410713554177203
0.907815631262525 -0.40442100547634
0.911823647294589 -0.398023984130539
0.915831663326653 -0.391527316407057
0.919839679358717 -0.384935824629063
0.923847695390781 -0.378254324153416
0.927855711422846 -0.371487620389792
0.93186372745491 -0.364640505862844
0.935871743486974 -0.357717757319085
0.939879759519038 -0.350724132880081
0.943887775551102 -0.343664369243492
0.947895791583166 -0.336543178933478
0.95190380761523 -0.329365247601885
0.955911823647295 -0.322135231381597
0.959919839679359 -0.314857754293379
0.963927855711423 -0.307537405707463
0.967935871743487 -0.300178737861098
0.971943887775551 -0.29278626343319
0.975951903807615 -0.285364453177141
0.979959919839679 -0.277917733612895
0.983967935871743 -0.270450484779178
0.987975951903808 -0.262967038046825
0.991983967935872 -0.255471673994054
0.995991983967936 -0.247968620344479
1 -0.240462049968584
