-1 0.35322877712302
-0.995991983967936 0.353338589838312
-0.991983967935872 0.353307391058648
-0.987975951903808 0.353132321873555
-0.983967935871743 0.352810559395356
-0.979959919839679 0.352339319634526
-0.975951903807615 0.351715860397156
-0.971943887775551 0.350937484202154
-0.967935871743487 0.350001541215726
-0.963927855711423 0.348905432200658
-0.959919839679359 0.347646611477806
-0.955911823647295 0.346222589897201
-0.95190380761523 0.344630937816063
-0.947895791583166 0.342869288081014
-0.943887775551102 0.3409353390117
-0.939879759519038 0.338826857382979
-0.935871743486974 0.336541681402806
-0.93186372745491 0.334077723682885
-0.927855711422846 0.331432974199122
-0.923847695390782 0.328605503238867
-0.919839679358717 0.325593464331903
-0.915831663326653 0.322395097162109
-0.911823647294589 0.319008730456681
-0.907815631262525 0.315432784849766
-0.903807615230461 0.311665775717364
-0.899799599198397 0.307706315980301
-0.895791583166333 0.303553118872058
-0.891783567134269 0.299205000668262
-0.887775551102204 0.29466088337458
-0.88376753507014 0.28991979736979
-0.879759519038076 0.284980884000771
-0.875751503006012 0.279843398126177
-0.871743486973948 0.274506710605525
-0.867735470941884 0.268970310730478
-0.86372745490982 0.263233808595062
-0.859719438877755 0.257296937401628
-0.855711422845691 0.251159555699316
-0.851703406813627 0.244821649551865
-0.847695390781563 0.238283334631588
-0.843687374749499 0.231544858236395
-0.839679358717435 0.224606601226736
-0.835671342685371 0.217469079879425
-0.831663326653307 0.210132947655295
-0.827655310621243 0.202598996877708
-0.823647294589178 0.194868160318988
-0.819639278557114 0.186941512691876
-0.81563126252505 0.17882027204319
-0.811623246492986 0.170505801046914
-0.807615230460922 0.161999608194001
-0.803607214428858 0.153303348876258
-0.799599198396794 0.144418826361739
-0.795591182364729 0.135347992659148
-0.791583166332665 0.126092949268839
-0.787575150300601 0.116655947818074
-0.783567134268537 0.107039390578307
-0.779559118236473 0.09724583086231
-0.775551102204409 0.0872779732991098
-0.771543086172345 0.0771386739847455
-0.767535070140281 0.0668309405069989
-0.763527054108216 0.0563579318423322
-0.759519038076152 0.0457229581233871
-0.755511022044088 0.0349294802755048
-0.751503006012024 0.0239811095208476
-0.74749498997996 0.0128816067488183
-0.743486973947896 0.00163488175159439
-0.739478957915832 -0.00975500767627837
-0.735470941883767 -0.0212838567751599
-0.731462925851703 -0.0329473149952565
-0.727454909819639 -0.04474088730989
-0.723446893787575 -0.0566599356676247
-0.719438877755511 -0.0686996805836358
-0.715430861723447 -0.0808552028705717
-0.711422845691383 -0.0931214455090056
-0.707414829659319 -0.10549321565744
-0.703406813627254 -0.117965186801666
-0.69939879759519 -0.130531901043143
-0.695390781563126 -0.143187771525899
-0.691382765531062 -0.155927085001306
-0.687374749498998 -0.16874400452994
-0.683366733466934 -0.181632572319553
-0.67935871743487 -0.194586712698049
-0.675350701402806 -0.207600235220204
-0.671342685370741 -0.22066683790668
-0.667334669338677 -0.233780110613758
-0.663326653306613 -0.246933538532036
-0.659318637274549 -0.26012050581219
-0.655310621242485 -0.273334299315714
-0.651302605210421 -0.286568112488436
-0.647294589178357 -0.299815049354408
-0.643286573146293 -0.313068128627625
-0.639278557114228 -0.326320287938895
-0.635270541082164 -0.339564388174971
-0.6312625250501 -0.352793217926963
-0.627254509018036 -0.365999498044851
-0.623246492985972 -0.379175886294791
-0.619238476953908 -0.392314982115749
-0.615230460921844 -0.405409331471853
-0.61122244488978 -0.418451431796705
-0.607214428857715 -0.431433737025772
-0.603206412825651 -0.444348662712798
-0.599198396793587 -0.457188591226096
-0.595190380761523 -0.469945877020396
-0.591182364729459 -0.482612851979835
-0.587174348697395 -0.49518183082753
-0.583166332665331 -0.507645116597069
-0.579158316633267 -0.519995006161123
-0.575150300601202 -0.532223795812289
-0.571142284569138 -0.544323786891157
-0.567134268537074 -0.556287291456498
-0.56312625250501 -0.568106637992376
-0.559118236472946 -0.579774177146883
-0.555110220440882 -0.591282287497146
-0.551102204408818 -0.602623381335129
-0.547094188376753 -0.613789910468728
-0.543086172344689 -0.624774372032556
-0.539078156312625 -0.635569314302784
-0.535070140280561 -0.646167342510328
-0.531062124248497 -0.656561124646638
-0.527054108216433 -0.666743397256321
-0.523046092184369 -0.67670697121076
-0.519038076152305 -0.68644473745692
-0.51503006012024 -0.695949672735468
-0.511022044088176 -0.705214845262356
-0.507014028056112 -0.714233420368003
-0.503006012024048 -0.722998666088231
-0.498997995991984 -0.731503958701102
-0.49498997995992 -0.73974278820386
-0.490981963927856 -0.747708763724187
-0.486973947895792 -0.755395618860026
-0.482965931863727 -0.762797216942294
-0.478957915831663 -0.769907556214837
-0.474949899799599 -0.776720774926052
-0.470941883767535 -0.783231156326691
-0.466933867735471 -0.789433133568424
-0.462925851703407 -0.795321294497831
-0.458917835671343 -0.800890386340597
-0.454909819639279 -0.8061353202708
-0.450901803607214 -0.811051175860259
-0.44689378757515 -0.815633205403087
-0.442885771543086 -0.81987683811067
-0.438877755511022 -0.823777684172471
-0.434869739478958 -0.82733153867818
-0.430861723446894 -0.830534385396898
-0.42685370741483 -0.83338240040919
-0.422845691382766 -0.835871955588031
-0.418837675350701 -0.837999621924818
-0.414829659318637 -0.839762172696811
-0.410821643286573 -0.841156586472578
-0.406813627254509 -0.842180049952161
-0.402805611222445 -0.842829960638941
-0.398797595190381 -0.843103929340323
-0.394789579158317 -0.84299978249463
-0.390781563126252 -0.842515564321762
-0.386773547094188 -0.841649538795437
-0.382765531062124 -0.840400191435014
-0.37875751503006 -0.838766230915166
-0.374749498997996 -0.836746590491872
-0.370741482965932 -0.834340429243449
-0.366733466933868 -0.83154713312557
-0.362725450901804 -0.828366315839472
-0.35871743486974 -0.824797819512773
-0.354709418837675 -0.820841715192583
-0.350701402805611 -0.816498303150831
-0.346693386773547 -0.811768113001962
-0.342685370741483 -0.806651903633423
-0.338677354709419 -0.801150662949584
-0.334669338677355 -0.795265607429996
-0.330661322645291 -0.788998181503112
-0.326653306613226 -0.782350056736865
-0.322645290581162 -0.775323130847697
-0.318637274549098 -0.76791952652991
-0.314629258517034 -0.760141590107402
-0.31062124248497 -0.751991890010102
-0.306613226452906 -0.743473215077651
-0.302605210420842 -0.734588572693047
-0.298597194388778 -0.725341186749256
-0.294589178356713 -0.715734495451931
-0.290581162324649 -0.705772148961633
-0.286573146292585 -0.69545800687911
-0.282565130260521 -0.684796135577404
-0.278557114228457 -0.673790805384717
-0.274549098196393 -0.662446487622148
-0.270541082164329 -0.650767851500583
-0.266533066132265 -0.63875976088117
-0.2625250501002 -0.626427270903958
-0.258517034068136 -0.613775624489425
-0.254509018036072 -0.60081024871773
-0.250501002004008 -0.58753675109068
-0.246492985971944 -0.57396091568146
-0.24248496993988 -0.560088699177323
-0.238476953907816 -0.545926226820481
-0.234468937875752 -0.531479788252556
-0.230460921843687 -0.516755833267979
-0.226452905811623 -0.501760967481792
-0.222444889779559 -0.48650194791737
-0.218436873747495 -0.470985678519579
-0.214428857715431 -0.455219205598928
-0.210420841683367 -0.439209713212272
-0.206412825651303 -0.422964518485621
-0.202404809619238 -0.4064910668846
-0.198396793587174 -0.389796927438067
-0.19438877755511 -0.372889787920367
-0.190380761523046 -0.35577744999765
-0.186372745490982 -0.338467824343607
-0.182364729458918 -0.320968925729928
-0.178356713426854 -0.303288868096684
-0.17434869739479 -0.285435859607736
-0.170340681362725 -0.267418197696206
-0.166332665330661 -0.249244264104873
-0.162324649298597 -0.230922519926288
-0.158316633266533 -0.212461500647232
-0.154308617234469 -0.193869811202004
-0.150300601202405 -0.175156121038891
-0.146292585170341 -0.156329159203983
-0.142284569138277 -0.137397709446355
-0.138276553106212 -0.118370605348442
-0.134268537074148 -0.099256725485257
-0.130260521042084 -0.08006498861592
-0.12625250501002 -0.060804348910753
-0.122244488977956 -0.0414837912170137
-0.118236472945892 -0.0221123263661246
-0.114228456913828 -0.00269898652504716
-0.110220440881764 0.0167471794057613
-0.106212424849699 0.0362171103455853
-0.102204408817635 0.0557017375358818
-0.0981963927855711 0.0751919889901166
-0.094188376753507 0.0946787938894462
-0.0901803607214429 0.114153086922896
-0.0861723446893787 0.133605812570916
-0.0821643286573146 0.153027929331404
-0.0781563126252505 0.17241041388751
-0.0741482965931863 0.191744265216746
-0.0701402805611222 0.211020508641138
-0.0661322645290581 0.230230199818358
-0.0621242484969939 0.249364428673988
-0.0581162324649298 0.268414323275246
-0.0541082164328658 0.287371053646724
-0.0501002004008017 0.306225835528831
-0.0460921843687375 0.324969934079845
-0.0420841683366734 0.343594667522646
-0.0380761523046093 0.362091410737326
-0.0340681362725451 0.380451598801073
-0.030060120240481 0.398666730476826
-0.0260521042084169 0.416728371652362
-0.0220440881763527 0.434628158731566
-0.0180360721442886 0.452357801979775
-0.0140280561122245 0.469909088825162
-0.0100200400801603 0.487273887118219
-0.0060120240480962 0.504444148351486
-0.00200400801603207 0.52141191084171
0.00200400801603196 0.538169302876681
0.00601202404809609 0.554708545829034
0.0100200400801602 0.571021957239304
0.0140280561122244 0.587101953870557
0.0180360721442885 0.602941054736892
0.0220440881763526 0.618531884108105
0.0260521042084167 0.633867174492769
0.0300601202404809 0.64893976960192
0.034068136272545 0.663742627295514
0.0380761523046091 0.678268822513715
0.0420841683366733 0.692511550194983
0.0460921843687374 0.706464128182873
0.0501002004008015 0.720120000123278
0.0541082164328657 0.733472738353778
0.0581162324649298 0.746516046786578
0.0621242484969939 0.759243763786398
0.0661322645290581 0.771649865044477
0.0701402805611222 0.78372846644972
0.0741482965931863 0.795473826957789
0.0781563126252505 0.806880351458791
0.0821643286573146 0.817942593643943
0.0861723446893787 0.82865525887147
0.0901803607214429 0.839013207031667
0.094188376753507 0.849011455410915
0.0981963927855711 0.858645181554145
0.102204408817635 0.867909726125025
0.106212424849699 0.876800595762889
0.110220440881764 0.88531346593518
0.114228456913828 0.893444183783905
0.118236472945892 0.901188770964365
0.122244488977956 0.908543426474133
0.12625250501002 0.915504529470014
0.130260521042084 0.922068642070442
0.134268537074148 0.928232512140507
0.138276553106212 0.933993076056563
0.142284569138277 0.939347461447079
0.146292585170341 0.944292989906166
0.150300601202405 0.948827179675961
0.154308617234469 0.952947748293782
0.158316633266533 0.956652615199773
0.162324649298597 0.959939904300474
0.166332665330661 0.962807946483589
0.170340681362726 0.96525528207896
0.17434869739479 0.967280663260592
0.178356713426854 0.96888305638436
0.182364729458918 0.970061644255865
0.186372745490982 0.970815828322739
0.190380761523046 0.97114523078553
0.19438877755511 0.971049696621195
0.198396793587174 0.970529295513069
0.202404809619239 0.969584323681107
0.206412825651303 0.968215305606075
0.210420841683367 0.966422995641324
0.214428857715431 0.964208379505694
0.218436873747495 0.961572675651104
0.222444889779559 0.958517336498306
0.226452905811623 0.95504404953435
0.230460921843687 0.951154738265266
0.234468937875751 0.946851563017565
0.238476953907816 0.942136921582174
0.24248496993988 0.937013449694548
0.246492985971944 0.931484021344755
0.250501002004008 0.925551748911505
0.254509018036072 0.919219983114189
0.258517034068136 0.912492312777192
0.2625250501002 0.905372564400915
0.266533066132264 0.897864801534135
0.270541082164329 0.889973323942585
0.274549098196393 0.88170266656884
0.278557114228457 0.873057598278898
0.282565130260521 0.864043120391104
0.286573146292585 0.854664464983358
0.290581162324649 0.844927092974895
0.294589178356713 0.834836691979232
0.298597194388778 0.824399173925247
0.302605210420842 0.813620672443706
0.306613226452906 0.802507540016961
0.31062124248497 0.791066344889903
0.314629258517034 0.779303867740713
0.318637274549098 0.76722709811032
0.322645290581162 0.754843230589959
0.326653306613226 0.742159660766637
0.330661322645291 0.729183980926773
0.334669338677355 0.71592397551876
0.338677354709419 0.702387616375627
0.342685370741483 0.688583057699497
0.346693386773547 0.674518630809991
0.350701402805611 0.660202838659216
0.354709418837675 0.645644350116465
0.35871743486974 0.630851994026237
0.362725450901804 0.615834753043695
0.366733466933868 0.600601757252115
0.370741482965932 0.585162277567425
0.374749498997996 0.569525718935365
0.37875751503006 0.553701613327287
0.382765531062124 0.537699612541083
0.386773547094188 0.521529480814199
0.390781563126253 0.505201087256106
0.394789579158317 0.488724398108081
0.398797595190381 0.472109468838559
0.402805611222445 0.45536643608273
0.406813627254509 0.438505509435454
0.410821643286573 0.421536963106976
0.414829659318637 0.404471127451264
0.418837675350701 0.387318380377159
0.422845691382766 0.370089138652868
0.42685370741483 0.352793849114633
0.430861723446894 0.335442979790709
0.434869739478958 0.318047010952068
0.438877755511022 0.300616426101473
0.442885771543086 0.283161702912836
0.44689378757515 0.26569330413294
0.450901803607214 0.248221668457801
0.454909819639278 0.230757201396132
0.458917835671343 0.213310266132454
0.462925851703407 0.195891174402542
0.466933867735471 0.178510177393967
0.470941883767535 0.161177456684546
0.474949899799599 0.143903115231539
0.478957915831663 0.126697168424445
0.482965931863727 0.109569535214205
0.486973947895792 0.0925300293315914
0.490981963927856 0.0755883506074594
0.49498997995992 0.0587540764074535
0.498997995991984 0.0420366531936101
0.503006012024048 0.025445388225152
0.507014028056112 0.008989441410581
0.511022044088176 -0.00732218267703932
0.51503006012024 -0.0234806426099461
0.519038076152305 -0.0394772677292887
0.523046092184369 -0.0553035655713738
0.527054108216433 -0.0709512290857365
0.531062124248497 -0.0864121436345644
0.535070140280561 -0.101678393763348
0.539078156312625 -0.116742269733017
0.543086172344689 -0.131596273804196
0.547094188376753 -0.14623312626466
0.551102204408818 -0.160645771191463
0.555110220440882 -0.1748273819397
0.559118236472946 -0.188771366350301
0.56312625250501 -0.202471371669755
0.567134268537074 -0.215921289175161
0.571142284569138 -0.229115258498483
0.575150300601202 -0.242047671644446
0.579158316633267 -0.254713176697025
0.583166332665331 -0.267106681209996
0.587174348697395 -0.279223355277616
0.591182364729459 -0.291058634282019
0.595190380761523 -0.302608221314471
0.599198396793587 -0.313868089268236
0.603206412825651 -0.324834482601318
0.607214428857715 -0.335503918767953
0.61122244488978 -0.345873189318285
0.615230460921844 -0.35593936066622
0.619238476953908 -0.365699774526031
0.623246492985972 -0.375152048018842
0.627254509018036 -0.384294073450688
0.6312625250501 -0.393124017764379
0.635270541082164 -0.401640321667973
0.639278557114229 -0.409841698443166
0.643286573146293 -0.417727132437464
0.647294589178357 -0.425295877244491
0.651302605210421 -0.432547453577309
0.655310621242485 -0.439481646840116
0.659318637274549 -0.446098504404159
0.663326653306613 -0.452398332594155
0.667334669338677 -0.458381693391987
0.671342685370741 -0.464049400864833
0.675350701402806 -0.46940251732533
0.67935871743487 -0.474442349231759
0.683366733466934 -0.479170442836594
0.687374749498998 -0.483588579592153
0.691382765531062 -0.487698771322376
0.695390781563126 -0.491503255170106
0.69939879759519 -0.495004488329526
0.703406813627254 -0.498205142573671
0.707414829659319 -0.501108098587198
0.711422845691383 -0.503716440114805
0.715430861723447 -0.506033447935901
0.719438877755511 -0.50806259367632
0.723446893787575 -0.509807533468005
0.727454909819639 -0.51127210146774
0.731462925851703 -0.512460303246113
0.735470941883767 -0.513376309057979
0.739478957915832 -0.514024447005755
0.743486973947896 -0.514409196106928
0.74749498997996 -0.514535179277154
0.751503006012024 -0.514407156240356
0.755511022044088 -0.514030016377161
0.759519038076152 -0.513408771523009
0.763527054108216 -0.51254854872716
0.767535070140281 -0.511454582983757
0.771543086172345 -0.510132209945989
0.775551102204409 -0.508586858634252
0.779559118236473 -0.506824044149078
0.783567134268537 -0.504849360399398
0.787575150300601 -0.502668472856567
0.791583166332665 -0.500287111344319
0.795591182364729 -0.497711062874636
0.799599198396794 -0.494946164539258
0.803607214428858 -0.491998296466324
0.807615230460922 -0.488873374851345
0.811623246492986 -0.485577345071439
0.81563126252505 -0.482116174891485
0.819639278557114 -0.478495847770496
0.823647294589178 -0.474722356276249
0.827655310621243 -0.470801695615852
0.831663326653307 -0.466739857289601
0.835671342685371 -0.462542822875124
0.839679358717435 -0.458216557948483
0.843687374749499 -0.453767006148522
0.847695390781563 -0.449200083390387
0.851703406813627 -0.444521672233809
0.855711422845691 -0.439737616411301
0.859719438877756 -0.434853715521129
0.86372745490982 -0.429875719889469
0.867735470941884 -0.424809325605821
0.871743486973948 -0.419660169735367
0.875751503006012 -0.414433825711568
0.879759519038076 -0.409135798911944
0.88376753507014 -0.403771522419574
0.887775551102205 -0.398346352972513
0.891783567134268 -0.392865567102931
0.895791583166333 -0.387334357467431
0.899799599198397 -0.381757829369634
0.903807615230461 -0.376140997475779
0.907815631262525 -0.370488782723721
0.911823647294589 -0.364806009425392
0.915831663326653 -0.35909740256244
0.919839679358717 -0.353367585274453
0.923847695390781 -0.347621076538846
0.927855711422846 -0.341862289041195
0.93186372745491 -0.336095527234503
0.935871743486974 -0.330324985585586
0.939879759519038 -0.324554747006508
0.943887775551102 -0.318788781468731
0.947895791583166 -0.313030944797354
0.95190380761523 -0.307284977642638
0.955911823647295 -0.301554504625719
0.959919839679359 -0.295843033655234
0.963927855711423 -0.290153955411356
0.967935871743487 -0.284490542993555
0.971943887775551 -0.278855951728203
0.975951903807615 -0.273253219131977
0.979959919839679 -0.267685265026877
0.983967935871743 -0.262154891802477
0.987975951903808 -0.256664784820958
0.991983967935872 -0.251217512960308
0.995991983967936 -0.245815529290975
1 -0.240461171881168
