0.01 3.04156769523563 -0.00498543124380099
0.03 3.04136837763204 -0.0149263873587123
0.0663448548792968 3.04049792094017 -0.0329405244727547
0.119367863471981 3.03805354692744 -0.0593158588429099
0.186532503163446 3.03293746597503 -0.0934108057776239
0.263169659887127 3.02425504419978 -0.13415637925592
0.343226149182035 3.01174668933537 -0.180023134422682
0.415635100343354 2.99713219120137 -0.225585330387666
0.479602897638172 2.98134472572319 -0.269963171603318
0.536308508701306 2.96486211105413 -0.313222739644272
0.58720145419453 2.94788426968799 -0.355709899769337
0.633488132845532 2.93048384833268 -0.397777041578907
0.678202603580384 2.91174947374186 -0.441882065432613
0.718468023650159 2.89312302660214 -0.484833005895304
0.757348228560413 2.87343485522533 -0.529489880699993
0.794538097800615 2.85291859613786 -0.575389625559673
0.829945040092094 2.83174374793563 -0.622217780521133
0.863601280155646 2.81002686379711 -0.669772352748915
0.895605152796625 2.78784376334877 -0.717932223785018
0.926084656918268 2.7652403614507 -0.766632173766346
0.95517626405112 2.7422412790752 -0.815844415851898
0.983013456786064 2.71885623430193 -0.865565602640753
1.00972115076822 2.69508455649805 -0.915808045078311
1.03541350940112 2.67091824732054 -0.966593996512586
1.0601936153005 2.64634397422081 -1.01795208129573
1.08415408716919 2.62134430509862 -1.0699151812355
1.10737812072978 2.59589841366771 -1.12251929184948
1.12994066783146 2.56998241795895 -1.17580301386766
1.15190960618959 2.54356946222702 -1.22980745768657
1.17334683135247 2.51662961387517 -1.28457641777655
1.1943092464029 2.48912961902736 -1.34015672883585
1.21484964832891 2.46103254017782 -1.39659875289324
1.23501752181288 2.43229728447544 -1.45395697207548
1.25485975665757 2.40287801969666 -1.5122906794073
1.27442130727445 2.37272346529795 -1.57166477266591
1.29374581339357 2.34177603690619 -1.63215066595843
1.31287620144092 2.30997081319563 -1.69382734165217
1.33185528645181 2.27723428342977 -1.75678257233476
1.35072639525403 2.24348282120598 -1.8211143488185
1.36953403306575 2.20862081443794 -1.88693255524401
1.38832461746448 2.17253836296825 -1.95436093412464
1.40714730530872 2.13510843393285 -2.02353937807644
1.42605493811421 2.09618334390532 -2.09462656095404
1.44510512603146 2.05559042433634 -2.16780285789166
1.46436147185158 2.01312674454707 -2.24327335658081
1.48389488632787 1.96855286711807 -2.32127043680305
1.50378482465447 1.92158591761479 -2.40205469377268
1.52411999452464 1.87189304805289 -2.48591149223796
1.54499746776775 1.81908828898096 -2.57313734479066
1.56651782924457 1.76274009516742 -2.6640041694607
1.58877155479388 1.70240565486814 -2.75867865290039
1.61180840638435 1.63772211915416 -2.85706064038928
1.63558142261667 1.56859327818085 -2.95851043054407
1.65987414016772 1.49546592367053 -3.0615254951941
1.684265475717 1.41953577993988 -3.16364193536766
1.7082071667299 1.34260286981876 -3.26189819188196
1.72990890783257 1.27085913855909 -3.34865761028907
1.74980419111743 1.20345695387157 -3.42575860752113
1.76907819118253 1.13672120099907 -3.49777568848162
1.78652111668004 1.07515269050928 -3.56031798468067
1.8033998067132 1.01455945606582 -3.61813517953133
1.81959401885099 0.955528421991321 -3.67083116106928
1.83508116437483 0.898298113983269 -3.71843821577525
1.84989253745238 0.842895877176119 -3.76120628916941
1.86408489165578 0.789234262208985 -3.79947181335344
1.87772371373976 0.73717219359398 -3.83358490629979
1.89087424091762 0.686550783622416 -3.86387361437178
1.90359716390262 0.63721268216495 -3.89062944173912
1.91594697485627 0.58901146382324 -3.91410410041379
1.92797170911762 0.541815327293017 -3.93451160174099
1.93971335750281 0.495507738635085 -3.95203248367313
1.95120855145044 0.449986562518793 -3.96681854084439
1.96248931385091 0.40516254940709 -3.97899729769514
1.97358377565719 0.360957643736046 -3.98867592567354
1.98451681653199 0.317303345953959 -3.99594453487669
1.99531061793265 0.274139231805334 -4.00087887508122
2.00598513164362 0.23141166284885 -4.00354252119302
2.01655847301261 0.189072687094669 -4.00398862662815
2.0270472500659 0.147079112600184 -4.00226132245025
2.0374668394972 0.105391731050085 -3.99839682912484
2.04783161943536 0.0639746677526652 -3.99242433580244
2.05815516751815 0.022794836325963 -3.98436669099946
2.06845043143447 -0.0181785208731451 -3.97424093908135
2.07872987787781 -0.0589742225743507 -3.9620587291591
2.08900562482398 -0.0996194819136916 -3.94782661672999
2.09928956120777 -0.140140194063578 -3.9315462733876
2.1095934574076 -0.180561186925374 -3.91321461594733
2.11992906943099 -0.220906441904043 -3.89282386316615
2.13030823929951 -0.261199290326557 -3.87036152570368
2.14074299383755 -0.301462589816522 -3.84581033294291
2.15124564385041 -0.341718883824725 -3.81914809867557
2.16182888551353 -0.381990546462035 -3.79034752641482
2.17250590566154 -0.422299913700616 -3.75937595423255
2.18329049253736 -0.462669400798446 -3.72619503859795
2.1941971533998 -0.503121604328645 -3.69076037686656
2.20524124014181 -0.543679385282288 -3.65302106910483
2.21643908366251 -0.58436592711509 -3.61291922227809
2.22780813704397 -0.625204758975149 -3.57038940419457
2.23936712642191 -0.66621972917973 -3.52535806211036
2.2511362065189 -0.707434906584581 -3.47774293331236
2.26313711468021 -0.748874376784797 -3.42745249501358
2.2753933122289 -0.790561884670961 -3.37438553263433
2.28793009400299 -0.832520252811257 -3.31843095514838
2.30077463454184 -0.874770474022739 -3.2594680625261
2.31395592045746 -0.917330333733042 -3.19736758552496
2.32750449044281 -0.96021236160904 -3.13199398695437
2.3414518645693 -1.00342084443843 -3.063209749744
2.35582949237107 -1.04694756541743 -2.99088268147173
2.3706669906359 -1.09076590329833 -2.91489759694778
2.38598939881912 -1.13482300554035 -2.83517396095783
2.40181320580916 -1.17903008521474 -2.75169085482103
2.41814109456306 -1.22325168404001 -2.66451937970004
2.43495583691385 -1.26729614331364 -2.57385958094158
2.45221459723038 -1.31091130795287 -2.48007392788629
2.46984581477127 -1.35379060893968 -2.38370393324623
2.48775110716805 -1.39559329726635 -2.28545509022764
2.50581344280356 -1.43597761731646 -2.18614294980766
2.52391025237798 -1.47463902940761 -2.08660919132116
2.54192774045644 -1.51134198809578 -1.98763130946194
2.55977222297367 -1.54593646883796 -1.88985193224334
2.57737605586584 -1.57835740155713 -1.79374268903535
2.59469815850992 -1.60861140213953 -1.69960222537081
2.61172075703868 -1.63675758274673 -1.60757787348015
2.62844434768625 -1.66288818071921 -1.51769826501507
2.6448824400397 -1.68711231795927 -1.42990705539747
2.6610569686302 -1.7095440107529 -1.34409221914347
2.67699470763902 -1.73029419871418 -1.26010887935342
2.69272468574127 -1.74946598086983 -1.1777957515658
2.70827644230488 -1.76715214887468 -1.09698624330192
2.72367892427322 -1.78343423474581 -1.01751549518665
2.73895983802344 -1.79838248371534 -0.939224541342047
2.75414530641384 -1.81205634481824 -0.86196253233566
2.76925971954543 -1.824505215764 -0.785587719013092
2.78432570072826 -1.83576928204248 -0.709967687222226
2.79936413473054 -1.84588035992445 -0.634979173296089
2.81439422410158 -1.85486269776817 -0.560507674196975
2.82943355256574 -1.86273371750069 -0.486446985379528
2.84449814363107 -1.86950469412116 -0.412698744378615
2.85960250887203 -1.87518137962367 -0.339172021056083
2.87475968476421 -1.87976458152244 -0.265782970443323
2.88998126012118 -1.88325070685372 -0.192454547038881
2.9052773985215 -1.88563228113652 -0.1191162675412
2.92065686183774 -1.88689844891007 -0.0457040007132838
2.93612704215607 -1.88703545853982 0.0278402423681866
2.9516940099641 -1.88602712934824 0.101568547180127
2.9673625863778 -1.8838552941808 0.175527393062482
2.9831364462532 -1.88050020576246 0.249758034799281
2.9990182572022 -1.875940891243 0.324296987171702
3.01500985681401 -1.87015543683596 0.399176620414622
3.03111246691525 -1.86312118405201 0.47442586055446
3.04732693975992 -1.85481482117772 0.550070972428149
3.0636540270059 -1.84521235855126 0.626136386126126
3.08009465861474 -1.83428898371299 0.702645511117911
3.0966502157366 -1.82201880226184 0.779621467576009
3.11332277936349 -1.80837448170187 0.857087651907888
3.13011533494596 -1.79332682829591 0.935068042783037
3.14703191189235 -1.77684434089828 1.01358714354886
3.16407763529381 -1.75889280144281 1.09266944464211
3.18125866461205 -1.73943498042903 1.17233827298122
3.19858198975826 -1.71843055918055 1.25261387263315
3.21605504863675 -1.69583640082413 1.33351053270419
3.23368512223855 -1.67160734005535 1.41503254926514
3.25147845560518 -1.64569770637516 1.497168791044
3.26943904980138 -1.61806383919866 1.57988565956279
3.28756707969026 -1.58866787751011 1.66311833828626
3.30585692806931 -1.55748307542453 1.74676047891685
3.32429490601873 -1.52450075034709 1.83065295475624
3.34285686725701 -1.48973864116902 1.91457307105763
3.3615061174288 -1.45324989227083 1.99822659368555
3.38019221990613 -1.41513113824833 2.08124583385851
3.39885139755975 -1.3755274917983 2.16319720323174
3.41740907840302 -1.33463208421308 2.24360042103215
3.43578464980212 -1.29267861916985 2.32195865859169
3.45389778238849 -1.2499272029464 2.39779515890632
3.47167508237224 -1.20664584515862 2.47068907682944
3.48905567128005 -1.16309141832767 2.54030312382753
3.50599467227318 -1.11949380462033 2.60639827096972
3.52246427864859 -1.07604559722557 2.66883480108939
3.53845273567127 -1.03289788291342 2.72756243537755
3.55396193824096 -0.990161152211178 2.78260392226454
3.56900440077568 -0.947909660531856 2.83403638333298
3.58360020085843 -0.906187530278598 2.88197358417931
3.59777427112062 -0.865015250737129 2.92655091758385
3.61155420876326 -0.824395716384393 2.96791373969621
3.62496862828146 -0.78431937064398 3.00620895415713
3.63804600171796 -0.744768324772961 3.04157936041808
3.65081389678328 -0.70571950157673 3.07416016128659
3.66329851847654 -0.667146940277456 3.10407705085448
3.67552447009321 -0.629023425377813 3.13144539639133
3.68751466535478 -0.591321595612642 3.15637013717423
3.69929033962407 -0.554014667230891 3.17894612444396
3.71087112236168 -0.517076879671916 3.19925870986209
3.72227514435634 -0.480483746783343 3.21738445342012
3.73351916187875 -0.444212175454117 3.23339186793287
3.74461868617278 -0.408240496506691 3.24734214949314
3.75558811110349 -0.372548439634297 3.25928986502604
3.7664408347936 -0.337117074463619 3.26928358229701
3.77718937308197 -0.301928732780337 3.27736643669135
3.7878454639296 -0.266966921944333 3.28357663449458
3.79842016270233 -0.23221623601725 3.28794789547393
3.80892392873469 -0.19766226871453 3.29050983912979
3.81936670383955 -0.163291530663885 3.29128831962086
3.82975798354962 -0.129091372370957 3.29030571444276
3.8401068819128 -0.0950499135938775 3.28758117170039
3.85042219064813 -0.061155979392569 3.28313082041479
3.86071243342499 -0.0273990428629236 3.2769679478394
3.87098591597 0.00623082556722412 3.26910314728821
3.88125077264181 0.0397430024528654 3.25954443953023
3.89151501004949 0.0731463494215584 3.24829737040144
3.90178654822664 0.106449245152866 3.23536508693623
3.9120732598128 0.139659611281416 3.2207483940314
3.9223830076347 0.172784932150501 3.2044457934312
3.93272368102172 0.205832268211455 3.18645350666751
3.94310323112964 0.238808262706222 3.16676548351098
3.95352970548253 0.271719141082975 3.14537339749952
3.96401128186877 0.304570702370827 3.12226663022395
3.97455630164082 0.337368301471694 3.09743224629242
3.98517330236028 0.370116821004075 3.07085496129576
3.9958710495936 0.402820630941522 3.042517105701
4.00665856748655 0.435483533811814 3.01239858846871
4.01754516751349 0.468108692641818 2.98047686540251
4.02854047449116 0.500698538126304 2.94672691889864
4.03965444854141 0.533254650642762 2.91112125800793
4.05089740115285 0.565777611705961 2.87362995072175
4.06228000278792 0.598266818237269 2.83422070436305
4.07381327856485 0.63072025161014 2.79285901515891
4.0855085873596 0.663134191846926 2.74950841478154
4.09737757816818 0.695502865657296 2.70413085016563
4.10943211569954 0.727818015387952 2.65668724348029
4.12168416491932 0.760068374709016 2.60713829181194
4.13414562169089 0.792239036540271 2.55544558055845
4.14682807394979 0.824310700217881 2.50157309962926
4.15974247542633 0.856258789606738 2.44548926482827
4.17289871259765 0.888052443779865 2.38716955364396
4.18630504664999 0.919653399659819 2.32659985733343
4.19996741780002 0.951014814670901 2.26378061796317
4.21388861205953 0.982080119531518 2.1987317444194
4.22806731336288 1.01278204705545 2.13149816843885
4.24249709886439 1.04304204708709 2.06215569910495
4.25716548089259 1.07277035612224 1.99081656910886
4.27205314805985 1.10186701663131 1.91763378121442
4.28713359450132 1.13022410041272 1.84280315039564
4.30237332742649 1.15772925089533 1.766561928063
4.31773278783198 1.18427041623639 1.68918321462035
4.33316800189407 1.20974134294566 1.61096604984156
4.34863282423308 1.23404713482252 1.53222198667907
4.36408148893778 1.25710906694147 1.45325981306615
4.37947110579331 1.27886794725069 1.3743705597456
4.39476375892374 1.29928561591073 1.29581483076019
4.40992797216982 1.31834455759541 1.21781387376897
4.42493945494415 1.33604594147984 1.14054492991515
4.43978118117592 1.35240660468186 1.06414057865382
4.4544429463326 1.36745553608972 0.988691237123288
4.46892058367377 1.38123033621624 0.914249748285036
4.483215011578 1.39377398639218 0.840837037382822
4.49733124823216 1.40513211184962 0.768448020202402
4.51127748608794 1.41535080133215 0.697057203311825
4.525064278189 1.42447496280673 0.626623654620108
4.53870385734705 1.43254714841629 0.557095208098632
4.55220958822721 1.43960676325617 0.488411892400259
4.56559554026317 1.44568957203107 0.420508647253113
4.57887616366623 1.45082742693015 0.353317427143578
4.59206604937931 1.45504815337689 0.286768802031365
4.60517975486706 1.45837554414695 0.220793160201766
4.61823167986617 1.46082942486497 0.155321606330934
4.63123597884073 1.4624257643538 0.0902866332093818
4.64420649943597 1.46317681161583 0.0256226311123336
4.657156738467 1.46309124759539 -0.038733714067712
4.67009980882968 1.4621743446492 -0.102843093541152
4.68304841216856 1.46042813020205 -0.16676328732417
4.69601481321585 1.45785155372014 -0.230548889532748
4.70901081247376 1.45444065817424 -0.294251026608606
4.72204771440585 1.4501887588144 -0.357917051129463
4.73513628858302 1.44508663351119 -0.421590196076739
4.74828672134967 1.43912273026197 -0.485309175887686
4.76150855558586 1.43228339879883 -0.549107721637817
4.7748106160998 1.42455315460395 -0.613014038639209
4.78820091815717 1.41591498502398 -0.677050176008212
4.80168655672267 1.40635070849654 -0.741231299834941
4.8152735742593 1.39584139899127 -0.805564865056766
4.82896680553328 1.3843678883508 -0.870049686678794
4.84276969896496 1.37191135888291 -0.934674919349767
4.85668411582334 1.35845403675073 -0.999418966234628
4.8707101111518 1.34397999274474 -1.06424835419126
4.88484570384998 1.32847605014449 -1.12911663256821
4.89908664781017 1.3119327889114 -1.19396337674884
4.91342622117973 1.2943456210515 -1.25871340279823
4.92785505612743 1.27571589399194 -1.32327632237481
4.94236103595898 1.25605195867634 -1.38754658166943
4.95692928869871 1.23537011968126 -1.45140412726916
4.97154230478195 1.21369537031698 -1.51471581814882
4.98618019994514 1.19106181161272 -1.5773376514042
5.00082113220529 1.16751266512887 -1.63911779007151
5.01544186478363 1.14309981829467 -1.69990028238835
5.03001844737318 1.11788288605388 -1.75952925927583
5.0445269700291 1.09192782777471 -1.8178533121763
5.05894433131879 1.06530521342907 -1.87472970767232
5.07324895842927 1.03808827642227 -1.93002810198189
5.08742142285154 1.01035091285376 -1.98363347816943
5.10144490969284 0.982165784330609 -2.03544812896836
5.11530551823118 0.953602655964528 -2.08539262646166
5.12899239177742 0.924727060198878 -2.13340583243248
5.14249769244922 0.895599330333441 -2.17944409081731
5.15581644865122 0.86627400409595 -2.22347979627913
5.16894630912682 0.836799563636195 -2.2654995498816
5.18188723802232 0.807218456659792 -2.30550210068573
5.19464118193998 0.777567333764857 -2.34349624076891
5.20721173415147 0.747877437092829 -2.3794987808255
5.21960381450823 0.718175082030306 -2.41353269234775
5.23182337722375 0.688482183863251 -2.44562546581126
5.24387715326997 0.658816792552506 -2.47580770502444
5.25577242990106 0.629193609511725 -2.50411195650195
5.26751686680187 0.599624469491585 -2.5305717587284
5.27911834640771 0.570118778033803 -2.55522088817524
5.29058485484362 0.540683900456163 -2.57809277542256
5.30192438946141 0.511325502176691 -2.59922006432513
5.3131448889132 0.482047842683895 -2.61863428869631
5.32425418192982 0.452854026925321 -2.63636564359018
5.33525995135172 0.423746218604065 -2.65244283132587
5.34616971040307 0.394725820077769 -2.6668929655161
5.35699078865292 0.365793623430928 -2.67974151929431
5.36773032553483 0.336949936973999 -2.69101230655557
5.37839526968258 0.308194691007035 -2.70072748728684
5.38899238267548 0.279527526234999 -2.70890758996177
5.39952824607181 0.25094786777698 -2.71557154553805
5.41000927084661 0.222454987295609 -2.72073672886243
5.42044170854416 0.194048055398588 -2.72441900430088
5.43083166361311 0.1657261861359 -2.7266327732135
5.44118510651733 0.137488475134376 -2.72739102152264
5.4515078873151 0.109334032672988 -2.72670536611369
5.46180574947623 0.081262012804045 -2.72458609918935
5.47208434376672 0.0532716394627196 -2.7210422299942
5.48234924207507 0.0253622303757341 -2.7160815235574
5.49260595108804 -0.00246678052435133 -2.7097105362828
5.50285992574655 -0.0302158215537152 -2.70193464836246
5.5131165824279 -0.0578851620355555 -2.69275809311067
5.52338131180854 -0.0854748908393513 -2.68218398342264
5.5336594913636 -0.112984894204837 -2.6702143356608
5.54395649745539 -0.140414832366586 -2.6568500913712
5.55427771695385 -0.167764114493921 -2.64209113733838
5.56462855831617 -0.195031871447376 -2.62593632460656
5.57501446203152 -0.222216925827597 -2.60838348723467
5.58544091030771 -0.249317758755539 -2.58942946172034
5.59591343584005 -0.276332472774566 -2.56907010823146
5.60643762945585 -0.303258750205551 -2.54730033503354
5.6170191463705 -0.330093806215919 -2.52411412780627
5.62766371071943 -0.35683433578311 -2.49950458591773
5.63837711794334 -0.383476453643981 -2.47346396818208
5.64916523449732 -0.410015626226242 -2.44598375118364
5.66003399422665 -0.436446594460701 -2.41705470392249
5.67098939059811 -0.462763286280063 -2.38666698334371
5.68203746379357 -0.488958717531803 -2.35481025626873
5.69318428145982 -0.51502487998438 -2.32147385436695
5.704435911664 -0.540952615110126 -2.28664697009177
5.71579838633034 -0.566731472416379 -2.25031890294757
5.72727765313738 -0.592349551313276 -2.21247936701354
5.73887951355183 -0.617793325912271 -2.17311887225026
5.75060954439028 -0.643047452823412 -2.13222919361247
5.76247300007882 -0.668094563063123 -2.08980394315697
5.77447469268832 -0.692915040720144 -2.04583926081309
5.7866188469575 -0.717486793194844 -2.00033463875892
5.79890892800876 -0.741785020766717 -1.95329389171258
5.81134744048404 -0.765781997068783 -1.90472627999012
5.82393569957953 -0.789446876788036 -1.85464778281843
5.83667357714742 -0.812745552441271 -1.80308250498953
5.84955922982557 -0.835640588002814 -1.75006417957561
5.86258882109495 -0.858091262704668 -1.69563770280843
5.87575625505228 -0.880053762221775 -1.6398606053393
5.88905294595126 -0.901481554924371 -1.58280432990831
5.90246765315898 -0.922325985822324 -1.52455515453048
5.91598641455974 -0.942537108255008 -1.46521458088443
5.92959261078998 -0.962064752181213 -1.40489900958739
5.94326718634737 -0.980859798802106 -1.34373855666766
5.95698904077032 -0.998875597516261 -1.28187493364076
5.97073558446712 -1.016069428883 -1.21945841377231
5.98448343203444 -1.0324038940801 -1.15664402558907
5.99820918529237 -1.04784810453434 -1.0935872287518
6.01189024353704 -1.06237855909065 -1.03043941104679
6.02550557339367 -1.07597962926196 -0.967343577596272
6.03903637648514 -1.088643619439 -0.904430576090436
6.05246660838817 -1.10037041866424 -0.841816122138495
6.06578332323303 -1.11116680362291 -0.779598776645989
6.07897684011123 -1.12104548155352 -0.717858907854117
6.09204074606242 -1.13002397390396 -0.656658567137492
6.10497176325954 -1.13812343813693 -0.596042134451599
6.11776951437885 -1.14536751038481 -0.536037551144257
6.13043622078734 -1.15178123097369 -0.476657951180761
6.14297636469935 -1.15739009296688 -0.417903518375973
6.15539634063874 -1.1622192342392 -0.359763427341905
6.16770411494463 -1.16629277802885 -0.302217761042992
6.17990890577834 -1.1696333159544 -0.24523933194001
6.19202089075953 -1.1722615207723 -0.188795363056272
6.2040509452285 -1.17419587287653 -0.13284900837585
6.21601041118757 -1.17545248376733 -0.0773607087000518
6.2279108950582 -1.17604500057369 -0.0222893901962174
6.2397640912878 -1.1759845775055 0.0324064805227029
6.25158162833216 -1.17527990232322 0.0867679677028283
6.26337493343887 -1.17393726820515 0.140834846154872
6.27515511281517 -1.17196068355626 0.194644872022315
6.28693284407549 -1.16935201422454 0.24823312887376
6.29871827825758 -1.16611115422051 0.3016314355379
6.31052094913246 -1.16223622235407 0.354867804567847
6.32234968799085 -1.15772378320974 0.407965942868817
6.33421254256336 -1.15256909157741 0.460944788791451
6.34611669922562 -1.14676635983895 0.513818082866756
6.35806840816072 -1.14030904787261 0.566593972336836
6.37007291170472 -1.13319017476308 0.619274652706394
6.3821343766882 -1.12540265097973 0.671856052660582
6.39425583219958 -1.11693962870082 0.724327571771536
6.40643911481417 -1.10779486662377 0.776671883289574
6.41868482392012 -1.09796310394864 0.828864816753366
6.43099229027821 -1.08744043633003 0.880875336853342
6.44335956130791 -1.07622468459268 0.932665635587494
6.45578340672101 -1.06431574508575 0.984191353887838
6.46825934794808 -1.05171590895114 1.03540194624018
6.48078171425579 -1.03843013658029 1.08624119716159
6.49334372749972 -1.02446627341268 1.1366478917336
6.50593761610693 -1.00983519422381 1.18655663398542
6.51855475720626 -0.994550865301225 1.23589879736685
6.53118584395355 -0.978630317401963 1.28460358172812
6.54382107322254 -0.962093526933193 1.3325991422281
6.55645034716676 -0.944963208023785 1.37981374857269
6.56906348092008 -0.92726452353904 1.42617692895109
6.58165040806601 -0.909024728044127 1.47162055266185
6.59420137556594 -0.890272759681728 1.51607980889458
6.60670712059534 -0.871038800459584 1.55949404611169
6.6191590230982 -0.851353825307254 1.60180744613339
6.63154922965955 -0.831249159455156 1.64296951821457
6.64387074629519 -0.810756061428229 1.68293540984019
6.65611749974199 -0.789905345610722 1.72166604147618
6.66828436860677 -0.768727054391987 1.75912808118082
6.68036718715788 -0.747250185813019 1.79529378125047
6.69236272554532 -0.725502478801743 1.83014070276908
6.70426865080202 -0.703510254805448 1.86365135520101
6.71608347314874 -0.681298312071285 1.89581277739689
6.72780648196997 -0.658889867044546 1.92661608408271
6.73943767543563 -0.63630653631088 1.95605599861558
6.75097768720172 -0.613568352101889 1.98413038901238
6.76242771301067 -0.590693804479854 2.01083982039931
6.77378943939169 -0.567699903775387 2.03618713339061
6.78506497607859 -0.544602257539891 2.06017705467757
6.79625679324541 -0.521415157081534 2.08281584339402
6.80736766422369 -0.498151669492726 2.10411097465005
6.81840061401291 -0.474823731886806 2.12407085996928
6.82935887362377 -0.451442245302417 2.14270460317098
6.84024584009394 -0.428017166383749 2.16002178943762
6.85106504187813 -0.404557595495455 2.17603230482603
6.8618201092257 -0.381071860383386 2.19074618324459
6.87251474911099 -0.357567594853855 2.20417347786701
6.88315272426239 -0.334051812224881 2.21632415403133
6.89373783583928 -0.310530973514874 2.2272080008365
6.90427390932344 -0.287011050489095 2.23683455886629
6.91476478321878 -0.263497583793058 2.24521306171378
6.92521430018582 -0.239995736474664 2.25235238923248
6.93562630027212 -0.216510343241462 2.25826103068921
6.94600461593541 -0.193045955823393 2.26294705623081
6.95635306858956 -0.16960688482001 2.26641809529708
6.96667546643577 -0.146197238409177 2.2686813208138
6.9769756033699 -0.12282095828528 2.26974343818102
6.98725725878275 -0.0994818531814227 2.26961067823437
6.99752419809292 -0.0761836303143656 2.26828879350183
7.00778017387094 -0.0529299250742257 2.2657830572069
7.01802892742997 -0.0297243292645466 2.26209826458363
7.02827419077166 -0.00657041818290197 2.2572387361719
7.03851968878621 0.0165282231817357 2.25120832285405
7.04876914161348 0.0395679745707907 2.24401041247994
7.0590262670772 0.0625451552430031 2.23564793800718
7.06929478310689 0.0854559988804307 2.22612338716042
7.07957841006232 0.108296628373467 2.21543881368893
7.08988087287269 0.131063030248617 2.20359585037801
7.10020590289763 0.153751028504841 2.19059572404881
7.11055723940948 0.17635625762471 2.1764392728649
7.12093863058518 0.198874134525629 2.16112696635481
7.13135383388243 0.22129982921462 2.14465892865977
7.14180661565729 0.243628233907849 2.127034965627
7.1523007498591 0.265853930374387 2.10825459649434
7.16284001561378 0.287971155263019 2.08831709105267
7.17342819347621 0.309973763173164 2.06722151333249
7.18406906009867 0.331855187237206 2.04496677304044
7.19476638102202 0.353608396994373 2.02155168617357
7.20552390125223 0.375225853358314 1.99697504646372
7.21634533323452 0.396699460515401 1.97123570955175
7.22723434178356 0.418020514643189 1.9443326920584
7.23819452546985 0.439179649413993 1.91626528800185
7.2492293939034 0.460166778354673 1.88703320529997
7.26034234029773 0.480971034278899 1.85663672537565
7.27153660864538 0.501580706203065 1.82507688913134
7.28281525479758 0.521983174413614 1.79235571274295
7.29418110072443 0.542164844685284 1.75847643679547
7.30563668125101 0.562111083070862 1.72344381218111
7.31718418263693 0.58180615320675 1.68726442582216
7.32882537251233 0.601233158715648 1.64994706855987
7.34056152092923 0.620373994041873 1.61150314634036
7.35239331266261 0.639209307918922 1.5719471339825
7.3643207514325 0.657718484617221 1.53129706817541
7.37634305744556 0.675879649100055 1.48957507277941
7.38845856059208 0.693669703139069 1.44680790489098
7.40066459278471 0.711064400173728 1.40302750446468
7.41295738425711 0.728038467057983 1.35827152370076
7.42533197008062 0.744565780590616 1.31258380526447
7.43778211456847 0.760619605610562 1.26601477135446
7.4503002624198 0.77617289919696 1.21862167966518
7.46287752614373 0.791198681950803 1.17046869869131
7.47550371919689 0.805670472398419 1.12162675509591
7.48816744307506 0.819562774423326 1.07217311146468
7.50085623411836 0.832851600778543 1.0221906447486
7.51355677198725 0.845515008951422 0.971766814285765
7.5262551468568 0.857533619997788 0.920992332514056
7.53893717684981 0.868891087570959 0.869959578993084
7.55158876181116 0.879574484224494 0.818760825594236
7.56419625505999 0.889574575712336 0.767486363511534
7.57674683202146 0.898885961348575 0.716222637162178
7.5892288341611 0.907507068715761 0.665050493358143
7.60163206855114 0.915440002739215 0.61404364553522
7.61394804738741 0.922690260702256 0.56326743367365
7.62617015718743 0.929266334575166 0.512777933994368
7.63829375338588 0.935179228897244 0.462621442744467
7.65031618175636 0.940441925828676 0.412834329621398
7.66223673285496 0.945068828955828 0.363443232060131
7.67405653909736 0.949075214577152 0.314465543849476
7.6857789648445 0.952476857670171 0.265907909524134
7.69744010266613 0.955296112726616 0.217640200357361
7.70905995687073 0.957545780384007 0.169598274758383
7.72064883681572 0.959233812722557 0.121757678300102
7.73221120894142 0.960365941428007 0.074117734260442
7.74374803992876 0.960947139405587 0.0266918297964105
7.7552582268262 0.960982420267104 -0.0204985337115613
7.7667394681938 0.960477261531231 -0.0674273772812625
7.77818879090648 0.959437815520144 -0.114066451575965
7.78960286454247 0.957871002387111 -0.160386560284026
7.80097818520767 0.955784539426147 -0.206358339502196
7.81231117990188 0.953186937287184 -0.251952706141083
7.8235982634618 0.950087479934766 -0.29714110928691
7.83483586819088 0.946496197126764 -0.341895668726005
7.84603818238761 0.94241698601348 -0.386259244673115
7.85722845052502 0.93784743168996 -0.430309149183076
7.8684225574536 0.932784659724738 -0.474091751471408
7.87963149197012 0.92722573077454 -0.517632663618274
7.89086286241363 0.921167894371644 -0.560943012622484
7.90212183773257 0.914608780088925 -0.604023351846649
7.91341173913909 0.907546562000156 -0.646866146397399
7.92473441978233 0.899980110802309 -0.689457401421417
7.93609051699652 0.891909137203212 -0.731777781883145
7.94747962933412 0.883334325074272 -0.773803437556136
7.9589004505876 0.874257450741257 -0.81550666353182
7.97035088050429 0.864681484229877 -0.856856474397161
7.98182812400984 0.854610668563734 -0.897819137299631
7.9933287857204 0.844050573947772 -0.938358688117388
8.00484896327223 0.833008124656013 -0.978437441467458
8.01638434088262 0.821491597557642 -1.01801649663869
8.02793028318212 0.809510592375981 -1.05705623610977
8.03948192848884 0.797075974910216 -1.09551681011885
8.05103428018518 0.784199795495147 -1.13335859917479
8.0625822946131 0.770895185871662 -1.17054264603139
8.07412096386449 0.757176238341525 -1.20703104918848
8.0856453919585 0.7430578715509 -1.24278731119156
8.09715086312806 0.728555687471743 -1.27777663666082
8.10863290124469 0.713685824132692 -1.31196617688988
8.12008731975941 0.6984648084127 -1.34532521983829
8.1315102618965 0.682909412788285 -1.37782532624289
8.14289823117913 0.667036519365277 -1.40944041427103
8.15424811267058 0.650862993879557 -1.44014679654469
8.16555718556688 0.634405571668754 -1.4699231744301
8.17682312796851 0.617680756943416 -1.49875059519569
8.18804401478818 0.600704736058658 -1.52661237800702
8.19921830982097 0.583493304932757 -1.55349401478646
8.21034485301988 0.566061810294376 -1.57938305176845
8.22142284399145 0.548425104072456 -1.60426895718691
8.23245182266394 0.530597509971854 -1.62814297999764
8.243431647994 0.512592801096868 -1.6509980039214
8.25436247547556 0.494424187383499 -1.67282840043912
8.26524473410605 0.476104311566575 -1.69362988371959
8.27607910335555 0.457645252426379 -1.71339936983972
8.28686649057926 0.439058534117712 -1.73213484208946
8.29760800921663 0.42035514047068 -1.74983522364965
8.3083049580336 0.40154553325621 -1.76650025849698
8.31895880158797 0.382639673522174 -1.7821304010271
8.32957115203394 0.363647045221089 -1.79672671459091
8.34014375232825 0.344576680462761 -1.81029077890606
8.35067846085691 0.325437185831519 -1.82282460612713
8.36117723746813 0.306236769305453 -1.8343305652277
8.37164213087062 0.286983267403216 -1.84481131425785
8.38207526733783 0.267684172261928 -1.85426973998326
8.39247884064516 0.24834665841761 -1.86270890438254
8.40285510315895 0.228977609117861 -1.87013199746991
8.41320635799046 0.209583642045914 -1.87654229591722
8.42353495212693 0.190171134376547 -1.88194312696835
8.43384327045098 0.170746247118561 -1.88633783716595
8.44413373056194 0.15131494872661 -1.88972976544396
8.45440877831504 0.131883037987795 -1.89212222017589
8.46467088399792 0.112456166206641 -1.89351845980811
8.47492253906726 0.0930398587264407 -1.89392167674713
8.48516625337256 0.0736395358361195 -1.89333498420987
8.49540455279709 0.0542605331204987 -1.89176140578582
8.50563997724971 0.0349081213182581 -1.88920386749859
8.51587507894384 0.0155875257568031 -1.88566519219265
8.52611242090222 -0.00369605456330079 -1.88114809610807
8.53635457562786 -0.0229374281593426 -1.87565518754305
8.54660412388225 -0.0421313924563816 -1.86918896753953
8.55686365351256 -0.061272715298848 -1.86175183256365
8.56713575826851 -0.0803561165064131 -1.8533460791886
8.57742303654858 -0.0993762493972186 -1.84397391082419
8.58772809001246 -0.11832768220253 -1.83363744657509
8.59805352199371 -0.137204879298537 -1.82233873234896
8.60840193564169 -0.1560021821833 -1.81007975437657
8.61877593171692 -0.174713790130038 -1.79686245534969
8.62917810595678 -0.193333740452184 -1.78268875342861
8.63961104592095 -0.211855888321141 -1.76756056442105
8.65007732721655 -0.23027388608495 -1.75147982748746
8.66057950899236 -0.248581162045432 -1.734448534785
8.67112012857979 -0.26677089866346 -1.71646876552425
8.68170169514464 -0.284836010177473 -1.69754272497823
8.69232668219947 -0.302769119640008 -1.67767278905288
8.70299751881058 -0.320562535401927 -1.65686155510095
8.71371657931717 -0.338208227105349 -1.63511189973558
8.72448617136345 -0.355697801285342 -1.61242704447459
8.73530852202801 -0.37302247672903 -1.58881063011718
8.74618576181937 -0.390173059800483 -1.56426680081901
8.7571199062943 -0.407139920012921 -1.53880029888169
8.76811283504696 -0.423912966218308 -1.51241657130117
8.77916626781603 -0.440481623890808 -1.48512188911639
8.79028173746549 -0.456834814106858 -1.45692348054961
8.80146055961752 -0.47296093497278 -1.42782967881621
8.81270379875805 -0.488847846421834 -1.3978500852833
8.82401223070198 -0.504482859496585 -1.36699574834564
8.83538630140436 -0.519852731447207 -1.33527935793542
8.8468260822423 -0.534943668207216 -1.30271545495371
8.85833122207975 -0.549741336046181 -1.26932065407242
8.86990089667037 -0.564230884430249 -1.23511387726962
8.88153375625994 -0.578396982324852 -1.20011659410347
8.89322787262218 -0.592223870321028 -1.16435306308458
8.90498068719875 -0.60569543101957 -1.12785056658625
8.91678896250452 -0.618795280018976 -1.0906396295823
8.92864873948245 -0.631506879570156 -1.05275421022234
8.9405553040102 -0.643813676425684 -1.01423184800602
8.95250316622026 -0.655699264570672 -0.975113753338347
8.96448605662574 -0.667147572336864 -0.935444820851382
8.97649694315801 -0.678143071860194 -0.895273548438162
8.98852807302801 -0.688671006977546 -0.854651844871429
9.00057104273316 -0.698717633562192 -0.813634711550406
9.01261689848189 -0.70827046412911 -0.772279788608836
9.02465626778111 -0.717318506528104 -0.730646762402111
9.03667952097395 -0.725852484962708 -0.688796640059812
9.04867695925185 -0.733865030721546 -0.646790906788686
9.06070508640507 -0.741390777390261 -0.604457485123645
9.07279679638297 -0.748441811486843 -0.561703797277561
9.08496847129457 -0.755016246654539 -0.518494240420061
9.09722606420931 -0.761104586529402 -0.474830073507677
9.10956880679325 -0.766693563572347 -0.430736966660088
9.12199152664542 -0.771768520501215 -0.386257061851987
9.13448613680618 -0.776314925857216 -0.341443731882659
9.14704262602449 -0.780319358543753 -0.296357972649855
9.15964974373911 -0.783770153269581 -0.251065798812069
9.1722954943392 -0.786657818230682 -0.205636272004395
9.18496750796275 -0.788975290996225 -0.160139946332703
9.19765332697856 -0.790718073391247 -0.114647608549406
9.210340630869 -0.791884272511646 -0.0692292441078049
9.22301741294058 -0.792474567737144 -0.0239531900013577
9.23567211730341 -0.792492119685596 0.0211145496357119
9.24829374207996 -0.791942434717125 0.0659108426117795
9.2608719136871 -0.790833196888108 0.110375837805502
9.27339693657224 -0.789174077709192 0.154453259575788
9.2858598225541 -0.786976532510819 0.198090603030511
9.29825230369873 -0.784253590657141 0.241239245745957
9.3105668323544 -0.781019645337908 0.283854490919926
9.32279657155888 -0.777290247285373 0.32589555570491
9.33493537854354 -0.773081905570521 0.367325516761929
9.34697778353376 -0.768411897662494 0.40811122311928
9.35891896552841 -0.763298090189957 0.448223184429184
9.37075472626968 -0.757758771302981 0.487635440863624
9.38248146321248 -0.751812495163514 0.526325419297209
9.39409614198415 -0.745477938849858 0.564273779151103
9.40559626859205 -0.738773771804483 0.601464250329951
9.4169798614824 -0.731718537849227 0.637883465048284
9.42824542346782 -0.724330549709669 0.673520784965151
9.4393919135083 -0.716627795912562 0.708368124864346
9.4504397227638 -0.7086122606348 0.742484235318032
9.4614308617673 -0.70026618104621 0.775990971887848
9.47239047038746 -0.691579766070759 0.80895357432825
9.48333325112951 -0.682548753951313 0.841402665222897
9.49426739138144 -0.673172782704195 0.87334759324181
9.50519699224253 -0.663454289662632 0.904784655705479
9.51612359083579 -0.653397759446025 0.935702229345057
9.52704712445091 -0.643009202724349 0.966084007098261
9.53796654737651 -0.632295788231982 0.995911061793524
9.54888022975118 -0.62126557667258 1.0251631761043
9.55978621846289 -0.609927322532545 1.05381970892282
9.57068240992959 -0.598290321428817 1.08186016531662
9.58156666594462 -0.586364288375321 1.10926457409119
9.59243689219574 -0.574159257515994 1.13601373810348
9.60329109185989 -0.561685497280935 1.1620893984734
9.61412740218225 -0.548953437145706 1.18747433900632
9.62494411914204 -0.535973603600666 1.21215244795607
9.6357397135524 -0.522756563833242 1.23610874855717
9.64651284084186 -0.509312876172152 1.25932940619592
9.65726234607061 -0.495653046662046 1.28180171784494
9.66798726529317 -0.481787491312774 1.30351408794246
9.67868682409326 -0.467726503655161 1.32445599394421
9.68936043392631 -0.453480227271559 1.34461794411875
9.70000768677469 -0.439058632978155 1.36399142968243
9.71062834852638 -0.424471500332389 1.38256887300802
9.7212223514167 -0.409728403131553 1.4003435733503
9.73178978581623 -0.39483869856329 1.41730965128981
9.74233089160136 -0.379811519667518 1.43346199288815
9.75284604930425 -0.364655770773363 1.44879619436736
9.76333577120465 -0.349380125583953 1.46330850796813
9.77380069249575 -0.333993027595728 1.47699578950275
9.78424156263014 -0.318502692556396 1.48985544799922
9.79465923692881 -0.302917112685839 1.50188539772903
9.80505466851605 -0.287244062406277 1.5130840128234
9.81542890062602 -0.271491105350871 1.52345008460884
9.82578305931193 -0.255665602443072 1.53298278173146
9.83611834657633 -0.239774720861794 1.54168161309045
9.84643603393078 -0.223825443729392 1.54954639356107
9.85673745638434 -0.207824580380296 1.55657721245738
9.86702400685367 -0.191778777087529 1.56277440466209
9.87729713098156 -0.175694528142335 1.56813852433459
9.88755832234658 -0.159578187198505 1.57267032109783
