0.01 3.04156769523563 -0.00498543124380099
0.03 3.04136837763204 -0.0149263873587123
0.0665237183504994 3.04049201524791 -0.033029014274583
0.119775656206135 3.03802933934437 -0.0595194752462918
0.1871716402713 3.03287784257559 -0.0937401212276438
0.264437222742474 3.02408554452134 -0.134849172929973
0.335459511482243 3.01311486732819 -0.175426455967019
0.395550707175203 3.00149583428961 -0.212586997340351
0.445714369504221 2.99002009457029 -0.246065334336605
0.488207849885161 2.9789378441015 -0.276472995396593
0.525040217371671 2.96825234885069 -0.304549029752376
0.557706945384969 2.95788422929933 -0.330927319374555
0.587262649989542 2.94774063529327 -0.356097012669254
0.614442148934928 2.93773920876495 -0.380420677630016
0.639760128756947 2.92781378960729 -0.404163146636918
0.663581886307235 2.91791360105359 -0.427517270586344
0.686171219672958 2.90800056722817 -0.450623876806932
0.707722417266202 2.89804647268745 -0.473586441798271
0.728381626671331 2.88803051303255 -0.496481649548646
0.748261211805282 2.87793734765103 -0.519366925938491
0.767449479547438 2.86775561329105 -0.542285802475368
0.786017332876212 2.8574768152506 -0.565271736903758
0.804022869844811 2.84709451181468 -0.588350840776722
0.821514599138532 2.8366037196744 -0.611543833442547
0.838533716414462 2.82600048277259 -0.63486744822925
0.855115737565658 2.81528156049146 -0.658335450167481
0.871291687662759 2.80444420221344 -0.681959377672745
0.887088979863311 2.79348598398564 -0.705749087536564
0.902532075658622 2.78240468961989 -0.729713159286023
0.917642989089855 2.77119822346656 -0.753859198576442
0.932441678215728 2.75986454569482 -0.778194067742968
0.946946354011421 2.74840162351641 -0.802724063514592
0.961173727950751 2.73680739366247 -0.827455056173806
0.9751392134 2.72507973275948 -0.852392600412707
0.988857091719968 2.71321643320041 -0.877542025289635
1.00234065102432 2.70121518277869 -0.902908508676868
1.01560230346928 2.68907354682601 -0.928497140162246
1.02865368547785 2.67678895192707 -0.954312975352627
1.04150574424593 2.6643586705155 -0.980361083803778
1.05416881311171 2.65177980581583 -1.00664659228454
1.06667337009393 2.6390279037985 -1.03321919845373
1.07910121990107 2.62602117015212 -1.0602468029254
1.09150436497917 2.61270154581853 -1.08784607034605
1.1039167823976 2.59902534882832 -1.11610239515925
1.11636147275548 2.58495749358907 -1.14508216464871
1.12885476889294 2.57046782540336 -1.17484047204275
1.14140901166666 2.55552873839069 -1.20542606822069
1.15403423512444 2.54011358283239 -1.23688461036975
1.16673924480269 2.52419555871853 -1.26926085401046
1.17953232326948 2.50774690427268 -1.30260019296685
1.19242170809054 2.49073825566989 -1.33694980595751
1.20541593359524 2.47313809520317 -1.37235957914953
1.21852409502284 2.45491222991082 -1.40888291926874
1.23175607369651 2.43602325697447 -1.44657753896957
1.24512275000969 2.41642997941106 -1.48550627763852
1.25863622436783 2.39608673759191 -1.52573801226649
1.27231006314955 2.37494261980823 -1.56734871212136
1.2861595863422 2.35294050856842 -1.61042269675911
1.30020221541943 2.33001590793715 -1.65505416970828
1.31445790437182 2.30609547953459 -1.70134912147603
1.32894968416566 2.281095188145 -1.74942772848639
1.34370436251317 2.25491791771872 -1.7994274246973
1.35875343889749 2.22745035726458 -1.85150689941435
1.37413432318621 2.19855886062915 -1.90585139454022
1.38989199180762 2.16808383133267 -1.96267986602134
1.40608129106424 2.1358319311955 -2.0222548903669
1.42277022704391 2.10156497874547 -2.08489673856146
1.440044814654 2.06498362845661 -2.15100400853556
1.45801649879728 2.02570246024685 -2.22108503358034
1.47650846638742 1.98395722349761 -2.29450462579416
1.49514899554242 1.94049052195767 -2.36975917486865
1.51369827274989 1.89583305116151 -2.44576959616034
1.53201060136934 1.85035337913474 -2.52177812609089
1.55000375957593 1.80430271850028 -2.59725708039658
1.56763670677187 1.75785015732063 -2.67183798917498
1.5848943097656 1.71110853121661 -2.7452601847076
1.60177726263306 1.66415266227595 -2.81733499100295
1.61829560363726 1.61703188429818 -2.88792142547263
1.63446462897912 1.56977849093741 -2.956910001076
1.65030236505206 1.52241335801644 -3.02421206096162
1.66582803746898 1.47494964314487 -3.08975281672302
1.68106116999869 1.4273951923092 -3.15346683050754
1.69602107789408 1.37975408250785 -3.21529509174879
1.71072660633965 1.33202758791569 -3.2751831243098
1.72519602048544 1.28421475936383 -3.33307975288833
1.73944698922694 1.23631274033677 -3.38893628607424
1.75349662766597 1.18831689745814 -3.44270595787341
1.76736157777256 1.14022081245278 -3.49434352425846
1.78105811626129 1.09201616075921 -3.54380494625293
1.79460228513137 1.04369248566642 -3.59104711279512
1.80801004506958 0.995236863300964 -3.63602756943937
1.82131332568118 0.946575044771297 -3.67875398815448
1.83468873806453 0.897089549736603 -3.71965380517206
1.84819960944129 0.846562009272282 -3.75872469520772
1.86160871613176 0.795908661715766 -3.79512806263122
1.87478544721184 0.745673506832926 -3.82846164379088
1.88766931484204 0.696145997918348 -3.85859289083702
1.90024254033823 0.647453850465343 -3.88554031429989
1.91251157533644 0.599628149212306 -3.90939781717729
1.92449548319422 0.552645850272312 -3.93029009486979
1.9362190113854 0.506456135270924 -3.94834812197869
1.94770866217887 0.460996056369432 -3.96369673366048
1.95899059416103 0.416199412393791 -3.97644909826868
1.97008960188094 0.372001496177992 -3.98670491222339
1.98102870844474 0.328341400512333 -3.99455047564976
1.99182909225646 0.285162926955731 -4.00005962065221
2.00251018512778 0.24241472764266 -4.00329494180894
2.01308984928659 0.200050051523383 -4.00430904993914
2.02358458254349 0.158026308381626 -4.00314571965867
2.03400972518265 0.116304569098287 -3.99984088053208
2.0443796560169 0.074849064690944 -3.99442344153407
2.05470797277074 0.0336267143285561 -3.98691595688625
2.06500765610799 -0.00739330569762866 -3.97733514825449
2.07529121874418 -0.0482399499772131 -3.96569229939983
2.08557084208254 -0.0889406520017376 -3.95199353771548
2.0958585032202 -0.129521637664184 -3.93624001424148
2.10616609529313 -0.170008210661518 -3.91842799050205
2.11650554414354 -0.210425016467854 -3.89854883719032
2.12688892430552 -0.250796291493149 -3.87658894641614
2.13732857737664 -0.29114610394393 -3.85252955588597
2.14783723601938 -0.331498592909527 -3.82634647986849
2.15842815715545 -0.371878212411963 -3.79800973791932
2.16911526841955 -0.412309987664702 -3.76748306783475
2.17991333268259 -0.452819791676059 -3.73472330383313
2.19083813651447 -0.493434651723972 -3.6996795940592
2.20190670994433 -0.534183097286246 -3.66229242252122
2.21313758695735 -0.575095563978729 -3.6224923885773
2.22455111908741 -0.616204872301498 -3.58019868072127
2.23616985859921 -0.657546806082176 -3.5353171586357
2.24801903368157 -0.699160824310346 -3.487737925138
2.25990870898285 -0.740339818867534 -3.43825695215242
2.27171290733735 -0.780630826393757 -3.38750468939218
2.28336384487022 -0.819802134942053 -3.33591585050184
2.29483079125745 -0.857759769741814 -3.28378135829371
2.30610530359039 -0.894490258978408 -3.2312918612578
2.31719158055289 -0.930023980504351 -3.17857059493125
2.32810045193583 -0.964412822526513 -3.12569668817354
2.33884577679385 -0.997717144456656 -3.07272102068012
2.34944236823609 -1.02999851476665 -3.01967669923447
2.35998245223356 -1.06154612719033 -2.96618957168887
2.37052887934944 -1.09254480535741 -2.91200815057758
2.38112112877557 -1.12309966391604 -2.85698572306614
2.39178447577566 -1.15326783475909 -2.80104112600572
2.40253547230073 -1.18307721234035 -2.74413465787229
2.41338528237972 -1.21253772134126 -2.68625302324701
2.42434173393925 -1.2416481586786 -2.62739981609945
2.43541058824828 -1.27040036986455 -2.56758945990302
2.44659632673322 -1.2987818023525 -2.50684332860273
2.45790263777933 -1.32677706454204 -2.44518725194685
2.46933271609973 -1.35436887376569 -2.38264990234747
2.48088944458383 -1.38153862857329 -2.31926174375418
2.49257550222148 -1.40826675035027 -2.25505433883993
2.50439342534613 -1.43453288387354 -2.19005988447733
2.51634563923199 -1.46031601225219 -2.1243108925343
2.52843447069211 -1.48559452062075 -2.05783996311746
2.54066214832255 -1.51034622994459 -1.99067961666116
2.55303079453241 -1.53454841427825 -1.92286216359838
2.56554241193244 -1.55817780988724 -1.85441959825402
2.57819886567959 -1.58121062162285 -1.78538350866858
2.591001862772 -1.60362253009977 -1.71578499731787
2.60395292892138 -1.6253887021141 -1.64565460979716
2.61705338341261 -1.64648380607344 -1.57502226990698
2.63030431223945 -1.66688203381784 -1.5039172204791
2.6437065397465 -1.68655712997868 -1.43236796988587
2.65726059899129 -1.70548242988551 -1.36040224459055
2.67096670105171 -1.72363090694214 -1.28804694838711
2.68482470353604 -1.74097523032548 -1.21532812918597
2.69883407859886 -1.75748783379282 -1.14227095435105
2.71299388082322 -1.77314099630128 -1.06889969569508
2.72730271539318 -1.78790693503729 -0.995237725300392
2.74175870705034 -1.80175791131463 -0.921307523351744
2.75635947039764 -1.8146663496212 -0.847130699143121
2.77110208218316 -1.82660496987243 -0.772728026348213
2.78598305626007 -1.83754693265994 -0.698119493518752
2.8009983219732 -1.8474659969676 -0.623324370591674
2.8161432067632 -1.85633668946515 -0.548361291940788
2.83141242380138 -1.8641344840876 -0.473248356199814
2.84680006546632 -1.87083599017523 -0.398003242711458
2.86229960344415 -1.87641914699693 -0.322643344026808
2.87790389617213 -1.88086342202538 -0.247185913398635
2.89360520424873 -1.88415000989641 -0.17164822569497
2.90939521429949 -1.88626202859018 -0.0960477496239149
2.92526507161845 -1.88718470904352 -0.0204023286292306
2.94120542170159 -1.88690557416784 0.0552696326836289
2.95720646055703 -1.88541460312872 0.130948980171541
2.97325799342431 -1.88270437676422 0.206615623758041
2.98934950127223 -1.87877020019454 0.282248357179916
3.00547021418291 -1.87361019901358 0.357824688126966
3.02160919048295 -1.86722538595341 0.433320682954285
3.03775540026372 -1.85961969556326 0.508710829905164
3.05389781175543 -1.85079998522421 0.58396792437309
3.07002547889464 -1.84077600169801 0.659062979165311
3.08612762836065 -1.82956031334322 0.73396516203141
3.1021937443583 -1.81716820908039 0.80864176192109
3.11821364949327 -1.80361756610254 0.883058184576035
3.13417758021827 -1.78892868916295 0.957177977185636
3.15007625551709 -1.77312412498851 1.03096288099094
3.16590093772775 -1.75622845593119 1.1043729099476
3.18164348467305 -1.73826807736042 1.17736645289284
3.19729639255202 -1.71927096350411 1.24990039613184
3.21285282933469 -1.699266426467 1.32193026298132
3.22830665868153 -1.67828487300322 1.39341036659067
3.24365245466537 -1.65635756331575 1.46429397229743
3.25888550779897 -1.6335163757264 1.53453346585345
3.27400182305842 -1.60979358053723 1.60408052405841
3.28899811073729 -1.58522162581992 1.67288628463482
3.30387177106941 -1.5598329372561 1.74090151254564
3.31862087361925 -1.53365973353627 1.80807676036455
3.33324413246334 -1.5067338582329 1.87436252073432
3.34774087817814 -1.47908662851241 1.93970936936851
3.36211102761611 -1.45074870055422 2.00406809744709
3.37635505239808 -1.42174995111061 2.06738983261327
3.39047394698416 -1.39211937427072 2.12962614808822
3.40446919711208 -1.36188499218282 2.19072915967472
3.41834274931874 -1.33107377823663 2.25065161061964
3.43209698219061 -1.29971159100057 2.30934694444632
3.44573467992916 -1.26782311703724 2.36676936595463
3.45925900877017 -1.23543182057046 2.42287389061967
3.47267349676655 -1.20255989783113 2.47761638260332
3.4859820174367 -1.16922823375148 2.53095358152666
3.49918877779925 -1.13545635848452 2.58284311803664
3.51229831136591 -1.10126240097369 2.63324351803418
3.52531547675564 -1.06666303645496 2.68211419520882
3.53824546273425 -1.03167342429896 2.72941543123513
3.55109380069153 -0.996307131939475 2.77510834261375
3.56387820502134 -0.960542711114027 2.81919492457269
3.5767171289958 -0.924067657701224 2.86200095744512
3.58969413956478 -0.886651698592622 2.90368533862327
3.60282526608528 -0.848251564025804 2.9441564160413
3.61592533717571 -0.809424236187167 2.98272969372308
3.62888505045275 -0.770527583924344 3.0190312107689
3.64164600648134 -0.73177975824031 3.05288699492562
3.65418223345242 -0.693305518063477 3.08424414754563
3.66648752181753 -0.655169456427771 3.11311869708135
3.67856715571556 -0.617398638030506 3.13956291031332
3.69043270301305 -0.579997492967648 3.16364564461285
3.70209882970521 -0.542957360609262 3.18544100685308
3.71358141080528 -0.506262468808671 3.2050221143413
3.72489645162808 -0.469893596811225 3.22245789647909
3.73605950529043 -0.433830261604919 3.23781165558885
3.74708538787076 -0.39805197834771 3.25114061020252
3.7579880678749 -0.362538949423067 3.26249596035505
3.76878065452039 -0.327272407193476 3.27192320794316
3.77947543934966 -0.292234751561694 3.27946258143749
3.79008396425489 -0.257409569731711 3.2851494828552
3.80061710037134 -0.222781591561521 3.28901491467706
3.81108512918194 -0.188336612587188 3.29108586694096
3.82149782129223 -0.154061403566497 3.29138565713918
3.83186451075373 -0.119943617263578 3.28993422204736
3.84219416420444 -0.0859716982676942 3.28674836375225
3.85249544486936 -0.0521347986998091 3.28184195341241
3.86277677187425 -0.0184227009462363 3.27522609654486
3.87304637552615 0.0151742524087291 3.26690926337176
3.88331234929862 0.0486652217978533 3.25689738725911
3.89358269928263 0.0820589276338384 3.24519393367827
3.90386539185993 0.115363701721661 3.23179994149387
3.9141684003441 0.148587533840005 3.21671403775827
3.92449975132666 0.181738114186668 3.19993242658036
3.93486757146902 0.214822872339923 3.18144885202817
3.94528013550131 0.24784901334073 3.16125453440633
3.95574591622854 0.280823551457381 3.13933807860035
3.96627363740917 0.313753342159732 3.1156853524751
3.97687233046335 0.346645112806941 3.09027933252516
3.9875513960954 0.379505492543274 3.06309991306163
3.99832067208443 0.412341041902695 3.03412367413839
4.0091905087187 0.44515828264745 3.00332360211082
4.02017185363834 0.477963728412109 2.97066875510414
4.031276348226 0.5107639167977 2.93612386364519
4.04251643817293 0.543565443668013 2.89964885414063
4.05390550148611 0.576375000552711 2.86119827957818
4.06545799804106 0.609199416274801 2.8207206375208
4.07718964589928 0.642045704216405 2.77815754978703
4.08911763110208 0.67492111704986 2.73344277063257
4.10125478260304 0.707816880915682 2.68652481976051
4.11342765269878 0.740228981888485 2.63810378337444
4.12553253543535 0.771867531864623 2.58867005905446
4.13751252479548 0.80258307664972 2.53855702581379
4.14934047649532 0.832313088707132 2.48798671276422
4.16100733838071 0.861046113725616 2.43710503142568
4.17251455542402 0.888798969212703 2.38600719347388
4.18386930370518 0.915602800301366 2.3347552809442
4.19508158886683 0.941494844308863 2.28339004315438
4.20616253217809 0.966513748455852 2.23193865234137
4.21712339436012 0.990697040119667 2.18041972046531
4.22797504810411 1.01407986938803 2.12884650114409
4.23876536857005 1.03677269909609 2.07704731061415
4.2495487616737 1.05888989839996 2.02480662751033
4.26035898260289 1.08049422593909 1.97199903195767
4.27121715530242 1.10161744417393 1.91855514170836
4.28213659103972 1.12227251504381 1.86444075221092
4.29312572886916 1.14246092632109 1.80964386450142
4.30418994690956 1.16217713527984 1.75416653965156
4.31533268373787 1.18141128037451 1.69801975280865
4.32655613395712 1.20015084305594 1.64122012954096
4.33786167925059 1.21838167019798 1.58378787029391
4.34925015450277 1.23608860645613 1.52574542739071
4.36072201086797 1.25325588884118 1.46711665971895
4.37227741440283 1.26986739680983 1.40792629112891
4.38391630442656 1.28590681512296 1.3481995622835
4.39563842676032 1.30135774461614 1.28796200607012
4.407443351364 1.31620378244616 1.22723930230345
4.41933048036442 1.33042858502639 1.16605718371144
4.43129905026298 1.34401592172286 1.10444137551643
4.44334813073091 1.35694972421362 1.04241755746417
4.45547662153738 1.36921413445484 0.980011341291298
4.46768324861653 1.3807935529788 0.917248259232474
4.47996655994343 1.39167268848438 0.854153760806468
4.49232492167817 1.40183660919235 0.79075321614153
4.50475651490622 1.41127079611798 0.727071924727556
4.51725933321915 1.41996119819579 0.663135128859238
4.52983118132587 1.42789428903591 0.598968031251068
4.54246967484773 1.43505712497453 0.534595816419142
4.5551722414234 1.44143740398873 0.470043675473669
4.56793612322774 1.4470235249697 0.40533683397314
4.58075838098838 1.45180464678556 0.34050058247235
4.59363589956421 1.45577074651267 0.275560309362201
4.60656539512903 1.45891267617275 0.210541535556929
4.61954342398198 1.46122221728308 0.145469950539103
4.63256639298249 1.462692132509 0.0803714492292929
4.64563057158309 1.46331621370319 0.0152721691080833
4.65873210540747 1.46308932562625 -0.049801473013304
4.67186703129492 1.46200744466732 -0.114822745199315
4.68503129370616 1.4600676919243 -0.179764566209253
4.6982207623604 1.45726836005855 -0.244599473562476
4.7114312509494 1.45360893340956 -0.309299594466345
4.72465853675339 1.44909010093956 -0.373836620192906
4.7378983809648 1.44371376167403 -0.438181784445299
4.7511465495116 1.43748302241056 -0.502305846196754
4.76439883416137 1.43040218758197 -0.566179077414294
4.77765107368166 1.42247674127691 -0.629771255998264
4.79089917483148 1.41371332154061 -0.693051664179144
4.80413913296326 1.40411968719398 -0.755989092517868
4.81736705202379 1.39370467752077 -0.818551849556772
4.83057916375728 1.38247816527386 -0.880707777069349
4.84377184593186 1.37045100354222 -0.942424270759854
4.85694163943363 1.35763496709639 -1.00366830617192
4.8700852640979 1.34404268889004 -1.06440646948049
4.88319963317558 1.32968759243846 -1.12460499276596
4.89628186636242 1.31458382081901 -1.18422979330472
4.9093293013499 1.29874616304502 -1.24324651635736
4.92233950388756 1.28218997855304 -1.30162058089556
4.93531027637725 1.26493112051439 -1.35931722768047
4.9482396650497 1.24698585863771 -1.41630156908913
4.96112596580188 1.22837080206997 -1.4725386400807
4.97396772880054 1.20910282293223 -1.5279934496984
4.98676376198199 1.18919898094402 -1.58263103251588
4.99951313360141 1.16867644949852 -1.63641649945556
5.01221517400656 1.14755244345155 -1.6893150874294
5.0248694768314 1.12584414878071 -1.7412922072777
5.03747589982519 1.1035686541588 -1.79231348950621
5.05003456555347 1.08074288436638 -1.84234482734419
5.06254586222932 1.05738353534208 -1.89135241666336
5.07501044495879 1.0335070105334 -1.93930279230771
5.08742923771439 1.00912935806293 -1.98616286038369
5.09980343638775 0.984266208059528 -2.03189992604711
5.11218349963765 0.958830960996667 -2.07665677538544
5.12463354052922 0.932699551454527 -2.12060623616826
5.13719937290066 0.905777148782627 -2.16383442117157
5.14991663743902 0.877984675311396 -2.20637342167465
5.16275059513811 0.849396756233907 -2.24801199240584
5.1755747803571 0.820305322820894 -2.28826605301232
5.18831151049689 0.790910088654091 -2.32684982760477
5.20091577358006 0.761345684535853 -2.36360707111462
5.21336380759542 0.731701949806062 -2.39846337182916
5.2256453549591 0.702038381826193 -2.43139451630075
5.2377585532407 0.672394126767445 -2.46240611127987
5.24970662808018 0.642794761273751 -2.49152073048703
5.26149578312123 0.613256842468069 -2.5187699463769
5.27313387056066 0.583790938886184 -2.54418947197195
5.28462956449952 0.554403641469171 -2.56781625505838
5.29599185523625 0.52509889577723 -2.5896867841491
5.30722974690896 0.495878884985321 -2.60983613865991
5.31835208308072 0.466744616544453 -2.62829749094673
5.32936745220472 0.437696313638505 -2.64510187879854
5.34028414248218 0.408733678041334 -2.6602781365945
5.35111012686025 0.379856068128863 -2.67385291671504
5.36185306606946 0.351062620758751 -2.68585075968061
5.37252032213946 0.322352335863952 -2.69629418806989
5.38311897770538 0.293724136149335 -2.70520380943957
5.39365585823124 0.265176910059674 -2.71259841967297
5.40413755541939 0.236709543428642 -2.71849510194216
5.41457045079133 0.208320943414273 -2.7229093187222
5.42496073887337 0.180010057144434 -2.72585499562873
5.4353144496985 0.151775886719787 -2.72734459662097
5.44563747050736 0.123617501710226 -2.72738919054188
5.45593556663586 0.0955340499425966 -2.72599850919116
5.46621440163976 0.0675247671525918 -2.7231809972275
5.47647955674438 0.0395889859238348 -2.71894385422377
5.48673654972878 0.011726144236636 -2.71329306918366
5.49699085336716 -0.0160642061181572 -2.70623344778722
5.50724791355712 -0.0437823910494359 -2.69776863257763
5.51751316727039 -0.0714286054184662 -2.68790111623751
5.52779206046501 -0.099002903869981 -2.67663224803293
5.53809006610366 -0.126505191087671 -2.66396223342881
5.54841270242773 -0.153935211323488 -2.64989012680049
5.55876555164503 -0.181292537048695 -2.63441381708138
5.56915427919836 -0.208576556568618 -2.6175300060963
5.57958465379517 -0.23578646043321 -2.59923417922988
5.59006256839431 -0.262921226461643 -2.57952056796948
5.6005940623661 -0.28997960318125 -2.55838210373737
5.61118534506653 -0.31696009145909 -2.53581036228529
5.6218428210972 -0.343860924077369 -2.51179549775971
5.63257311756024 -0.370680042971842 -2.486326165354
5.6433831136634 -0.397415073813807 -2.45938943123575
5.65427997308774 -0.424063297570905 -2.43097066816457
5.66527117960015 -0.450621618627939 -2.4010534348863
5.67636457647993 -0.47708652898527 -2.36961933698724
5.68756841043638 -0.503454067976722 -2.33664786639695
5.69889138082977 -0.529719776859356 -2.30211621611305
5.71034269517811 -0.555878647520959 -2.26599906594975
5.72193213214821 -0.581925064424294 -2.22826833413496
5.73367011350641 -0.6078527387554 -2.18889288833222
5.74556778686196 -0.633654633561832 -2.14783820804975
5.7576371215024 -0.659322878448208 -2.10506598829294
5.76989102023694 -0.684848672133258 -2.06053367153312
5.78231909512292 -0.71017309916049 -2.01428557074697
5.79478096378656 -0.73498263709388 -1.96687315540465
5.80719250145105 -0.759098435000066 -1.91867424590582
5.81950679775094 -0.78242826370795 -1.86994240946701
5.83170055936938 -0.804933077344904 -1.82084564108418
5.84376496231062 -0.826605089839721 -1.771494502257
5.8556997291298 -0.847453964976482 -1.72196169608504
5.86750939884396 -0.867498381218017 -1.67229529365049
5.87920103129163 -0.886761022597606 -1.6225274930554
5.89078282622593 -0.905265695921265 -1.57268033620524
5.90226331485379 -0.923035740069701 -1.52276939870051
5.91365090399086 -0.940093205289412 -1.47280615007318
5.92495363406123 -0.95645848159194 -1.42279945182736
5.9361790644794 -0.972150181978302 -1.37275650157006
5.94733423314906 -0.987185164523115 -1.32268342412193
5.95842565763469 -1.00157862518828 -1.27258563930931
5.96946371044377 -1.01534954280193 -1.22244826867844
5.98048986242548 -1.02855161843566 -1.1721112828741
5.99152952663773 -1.0412124980773 -1.12148349274472
6.00259823235393 -1.05334435970473 -1.07051641716966
6.01370536677696 -1.0649501776126 -1.0191882714719
6.02485647061184 -1.07602747401671 -0.967494040054241
6.03605465723966 -1.08657058419369 -0.915439276360898
6.04730149418779 -1.09657203271209 -0.86303621400261
6.05859755214933 -1.10602337476125 -0.810301321741626
6.06994274751053 -1.11491571455685 -0.757253764628051
6.08133655630801 -1.12324002854517 -0.703914435380902
6.09277814806573 -1.13098737060163 -0.650305345216034
6.10426646973166 -1.13814900592486 -0.596449241487959
6.11580029860054 -1.14471650185693 -0.542369368570779
6.12737827603954 -1.15068179265262 -0.48808931927235
6.13899892941602 -1.15603722841632 -0.433632943522224
6.15066068686115 -1.16077561429476 -0.37902429333005
6.16236188777128 -1.16489024350846 -0.324287590733346
6.17410079086237 -1.16837492628703 -0.269447210317296
6.18587558091082 -1.17122401585623 -0.214527670949659
6.19768437488473 -1.17343243207207 -0.159553633298258
6.2095252278987 -1.17499568296696 -0.1045499009073
6.2213961392537 -1.17590988427776 -0.0495414233676249
6.23329505871359 -1.17617177691328 0.00544669940718004
6.2452198930996 -1.17577874225834 0.0603892124869292
6.2571685132373 -1.17472881518203 0.115260701310948
6.26913876126049 -1.17302069460968 0.170035587529835
6.28112845825515 -1.17065375152252 0.224688125597735
6.2931354122126 -1.16762803426265 0.279192400354396
6.30515742625091 -1.16394427104027 0.333522325795369
6.31719230705678 -1.15960386956405 0.3876516451958
6.3292378734954 -1.15460891374154 0.441553932725102
6.34129196533299 -1.14896215742489 0.495202596663352
6.35335245201566 -1.14266701520598 0.548570884304819
6.36541724144797 -1.13572755029397 0.601631888608416
6.37748428871619 -1.1281484595366 0.654358556629438
6.38955160470369 -1.11993505567368 0.706723699741127
6.40161726454948 -1.11109324693603 0.758700005629209
6.41367941590569 -1.10162951412574 0.810260052017071
6.4257362869553 -1.09155088533297 0.861376322054917
6.43778619415815 -1.08086490846054 0.912021221282567
6.4498275497004 -1.0695796217395 0.962167096053333
6.46185886863103 -1.05770352242663 1.01178625328565
6.47387877567762 -1.04524553387838 1.06085098139015
6.48588601174321 -1.03221497119392 1.10933357220249
6.49787944009606 -1.01862150561434 1.1572063437371
6.50985805227497 -1.00447512785326 1.20444166356318
6.52182097374418 -0.989786110518227 1.25101197259244
6.53379817062883 -0.974525142029734 1.29700688718554
6.54582401142554 -0.958651829479837 1.34252523491701
6.55792271115508 -0.942134087461546 1.387619183471
6.57011255637058 -0.924944538865961 1.43231179688311
6.58240852154109 -0.907058104354158 1.47660756570157
6.59482392545496 -0.888450333344875 1.52049872349329
6.60733327068979 -0.869156015796517 1.56383789416846
6.61986046278141 -0.849296542071757 1.6063128139742
6.63235571635867 -0.82896354082095 1.64771891189431
6.64478691998424 -0.808227420406369 1.68792338412308
6.65713375722498 -0.787143501846898 1.72684097813637
6.669383777982 -0.76575631686946 1.76441796153309
6.68152979699685 -0.744102581101727 1.80062159714104
6.6935681760312 -0.722213240219843 1.83543324388066
6.70549768745799 -0.700114879821602 1.86884381775566
6.71731875826317 -0.677830703761143 1.90085078150258
6.72903296267771 -0.655381221761578 1.93145612425725
6.7406426777183 -0.632784741660516 1.96066498495704
6.75215084607768 -0.61005773017215 1.988484697579
6.76356081037129 -0.587215084653602 2.01492411597567
6.77487619537089 -0.564270344003414 2.03999312681519
6.78610082298011 -0.541235857275058 2.06370229137987
6.79723864993407 -0.518122922291087 2.08606257747284
6.80829372157387 -0.494941902413097 2.10708515574297
6.81927013722612 -0.471702326925428 2.12678124310384
6.83017202413577 -0.448412978733922 2.14516198132473
6.84100351783058 -0.42508197193852 2.16223834239998
6.85176874741279 -0.40171682109391 2.17802105464164
6.86247182468841 -0.378324503485033 2.19252054502018
6.87311683632833 -0.354911515422134 2.20574689436726
6.88370783845298 -0.331483923344091 2.21770980282514
6.8942488531735 -0.308047410370551 2.22841856348524
6.90474386672427 -0.284607318839136 2.23788204257339
6.91519682889887 -0.261168689287686 2.24610866485435
6.92561165355884 -0.23773629628384 2.25310640317326
6.93599222003054 -0.214314681458885 2.25888277124453
6.94634237524069 -0.190908184065797 2.26344481895348
6.95666593647009 -0.167520969350622 2.2667991295608
6.96696669462847 -0.144157054999872 2.2689518183017
6.97724841797246 -0.120820335903903 2.26990853195459
6.98751485620502 -0.0975146074562617 2.26967444902237
6.99776974490784 -0.0742435875915952 2.26825428022496
7.00801681026996 -0.0510109377495523 2.26565226904735
7.01825977408524 -0.0278202829387257 2.26187219212434
7.02850235900021 -0.00467523106336515 2.25691735927266
7.03874829400093 0.0184206083342764 2.25079061300507
7.04900132013424 0.0414636057712952 2.24349432737869
7.05926519646478 0.0644500938233228 2.23503040604389
7.06954370627459 0.0873763492930155 2.22540027936915
7.07984066351755 0.110238575419458 2.214604900523
7.09015991954599 0.133032884002899 2.20264474039632
7.10050537013172 0.155755277320877 2.18951978124714
7.11088096280958 0.17840162971225 2.17522950894512
7.1212907045766 0.20096766870497 2.15977290368528
7.13173866998666 0.22344895556165 2.14314842902823
7.14222900968672 0.245840865114024 2.12535401910852
7.15276595944905 0.268138564753389 2.10638706383168
7.16335384976242 0.290336992438901 2.08624439185461
7.17399711605597 0.312430833579338 2.06492225111053
7.1847003096418 0.334414496636309 2.04241628659905
7.1954681094773 0.356282087288258 2.01872151511044
7.20630533486646 0.378027380984478 1.99383229648974
7.21721695924137 0.399643793707096 1.96774230096673
7.22820812519251 0.42112435074608 1.94044447197795
7.23928416095013 0.442461653278129 1.91193098378179
7.25045059856156 0.463647842524322 1.88219319300822
7.26171319406248 0.484674561243762 1.85122158308274
7.27307795000812 0.505532912300786 1.81900570020398
7.284551140817 0.526213414021509 1.78553407922016
7.29613934149173 0.546705952031078 1.75079415731368
7.3078494604272 0.566999727235672 1.71477217283376
7.31968877720688 0.587083199582227 1.677453045865
7.33166498654132 0.606944027193195 1.63882023611899
7.3437862498399 0.626569000431916 1.59885557239282
7.3560612563632 0.645943970404293 1.55753904601703
7.36849929652486 0.66505377134133 1.51484855822072
7.38111035077094 0.683882136230063 1.47075960788508
7.39387619024449 0.702370248035988 1.42534896786263
7.40668235491833 0.720329414047146 1.37905082531853
7.41946000228434 0.737653052225834 1.33215740463384
7.43217014371358 0.754286436944151 1.28486276854943
7.44479271592496 0.770206361086959 1.23729495305911
7.45731933379319 0.785408067933919 1.18953839164103
7.46974862120769 0.799897111393106 1.14164908525654
7.48208326494299 0.813684409044011 1.09366465874223
7.49432818756556 0.826783304339788 1.0456109356191
7.5064894334337 0.839207867318296 0.99750619459549
7.51857350285755 0.850971946169367 0.949363905328244
7.53058696471248 0.862088666897341 0.901194477162376
7.54253624017376 0.872570195720411 0.853006372331755
7.55442749033218 0.882427652040258 0.804806812531502
7.56626656590618 0.891671104864899 0.756602226741321
7.57805899328806 0.900309613023199 0.708398535237134
7.5898099811805 0.90835128609858 0.660201330430218
7.60152443830806 0.915803352946662 0.612015993094937
7.61320699653821 0.92267223055579 0.563847768407231
7.62486203611098 0.928963589462673 0.515701817200693
7.6364937111182 0.934682413924817 0.467583252121635
7.64810597424261 0.939833056169792 0.419497164742522
7.6597026002852 0.944419284646553 0.371448647410864
7.6712872083114 0.948444326510465 0.323442812179086
7.68286328241863 0.951910904709352 0.275484808267589
7.69443419122079 0.954821270078419 0.227579838959632
7.70600320619243 0.957177228841261 0.179733178486699
7.71757351903558 0.958980165877998 0.131950189257171
7.7291482582381 0.960231064073915 0.084236339659125
7.7407305049904 0.960930520010641 0.0365972225985215
7.75232330862252 0.961078756210801 -0.0109614251026166
7.76392970171777 0.960675630097866 -0.0584337023395997
7.77555271505419 0.959720639786072 -0.105813522284206
7.78719539252194 0.958212926770653 -0.153094589757951
7.79886080616353 0.956151275545501 -0.200270377295507
7.81055207148532 0.953534110132998 -0.247334099757352
7.82227236319297 0.950359487468184 -0.294278687329409
7.83402493151076 0.946625087535508 -0.341096756722002
7.84581311925579 0.94232820011013 -0.387780580350464
7.85764037985232 0.937465707905561 -0.434322053244739
7.86951029649075 0.932034065874113 -0.480712657394126
7.88142660265981 0.926029276344214 -0.526943423185072
7.89339320431039 0.91944685960725 -0.573004887532786
7.90541420394686 0.912281819483598 -0.618887048239723
7.91749392698726 0.904528603299989 -0.664579314033145
7.92963695079002 0.896181055594422 -0.710070449636947
7.94184813681394 0.887232364725864 -0.755348515115939
7.95413266646321 0.877675001397851 -0.800400798588903
7.96649608127428 0.867500647900201 -0.84521374123361
7.97894432823178 0.856700116621407 -0.889772853294429
7.99144208510114 0.845302240267857 -0.933916243291077
8.00382854249991 0.833465267847517 -0.977053762214952
8.0160096396916 0.821307202909124 -1.01885521791513
8.02799153189013 0.808854935022651 -1.0593473395212
8.03984462637613 0.79606287427587 -1.09876918282753
8.0516098831536 0.782907292133962 -1.13725026064267
8.0633105261017 0.769378782170312 -1.17485524619329
8.07495906927661 0.755477364276767 -1.21161054200913
8.086561608025 0.741209245224963 -1.24752033257979
8.09812046546014 0.726584647878703 -1.28257636027292
8.10963583040944 0.711616343953495 -1.31676388349184
8.12110676914865 0.696318656353463 -1.3500652856913
8.13253184545567 0.68070677795098 -1.38246222987421
8.14390949481697 0.664796305197155 -1.41393691055796
8.15523824425408 0.648602918541251 -1.44447274651287
8.16651683544663 0.632142163848397 -1.47405472878068
8.17774428763259 0.615429303815226 -1.50266955832011
8.18891992339353 0.59847921830508 -1.53030565747017
8.20004337196242 0.581306339190353 -1.55695310793625
8.21111455931442 0.563924609777357 -1.58260354819855
8.22213369088118 0.54634746191811 -1.60725005076736
8.23310123055164 0.528587805964943 -1.63088699184612
8.24401787823563 0.510658030120664 -1.65350992100412
8.25488454738214 0.492570006695299 -1.67511543533438
8.26570234328107 0.474335103444544 -1.69570106060364
8.27647254261955 0.455964198631315 -1.71526514066548
8.28719657453624 0.43746769878439 -1.7338067356367
8.29787600327486 0.418855558369599 -1.75132552886141
8.3085125124488 0.400137300767794 -1.76782174240027
8.31910789087471 0.381322040088827 -1.78329606061533
8.32966401990137 0.362418503454576 -1.79774956133133
8.34018286214269 0.343435053465305 -1.81118365401327
8.35066645151571 0.324379710628122 -1.82360002439112
8.36111688448248 0.305260175578026 -1.83500058497245
8.37153631239625 0.286083850963972 -1.84538743090633
8.38192693485657 0.266857862906397 -1.85476280069109
8.39229099398294 0.247589081960575 -1.86312904125176
8.40263076952311 0.228284143542815 -1.87048857694786
8.41294857471801 0.20894946779514 -1.87684388210682
8.42324675285245 0.189591278879127 -1.88219745671265
8.43352767442616 0.170215623701847 -1.88655180491188
8.44379373488675 0.150828390086698 -1.88990941602973
8.45404735287113 0.131435324409782 -1.89227274781825
8.46429096890802 0.112042048728721 -1.89364421168489
8.47452704453889 0.0926540774357183 -1.89402615967448
8.4847580618196 0.0732768334704061 -1.89342087300004
8.49498652316939 0.0539156641309444 -1.89183055193836
8.50521495153804 0.0345758565239145 -1.88925730692451
8.51544589086588 0.0152626526951036 -1.88570315069622
8.52568190681474 -0.00401873551565724 -1.88116999135362
8.53592558775157 -0.0232631118518043 -1.87565962621286
8.54617954596952 -0.0424652812053043 -1.86917373634379
8.55644641913428 -0.06162003532557 -1.86171388169128
8.56672887194656 -0.0807221386277689 -1.85328149668834
8.57702959801444 -0.0997663140564799 -1.84387788627582
8.58735132193231 -0.118747228960964 -1.83350422224857
8.5976968015659 -0.137659480938744 -1.82216153985176
8.60806883054649 -0.156497583604673 -1.80985073455277
8.61847024098008 -0.175255952243239 -1.79657255891422
8.62890390638161 -0.19392888930253 -1.78232761949183
8.63937274484784 -0.212510569688942 -1.76711637367656
8.64987972248757 -0.230995025822614 -1.75093912639363
8.66042785713268 -0.249376132414379 -1.73379602656098
8.67102022236038 -0.267647590926146 -1.71568706319604
8.68165995186367 -0.285802913677702 -1.69661206104146
8.69235024421667 -0.303835407564277 -1.67657067555653
8.70309436809143 -0.321738157350679 -1.65556238709041
8.71389566799648 -0.339504008509444 -1.63358649401407
8.72475757062307 -0.357125549572298 -1.6106421045379
8.73568359190488 -0.374595093966242 -1.58672812687853
8.74667734492171 -0.391904661307717 -1.5618432573579
8.7577425488082 -0.409045958130598 -1.5359859659152
8.76888303886735 -0.426010358026004 -1.50915447838202
8.7801027781374 -0.442788881174071 -1.48134675470432
8.79140587072279 -0.459372173249561 -1.45256046208143
8.80279657727908 -0.475750483684247 -1.42279294171725
8.81427933314442 -0.491913643268829 -1.39204116752247
8.82585876974245 -0.507851041075095 -1.36030169464337
8.83753974005504 -0.523551600674022 -1.32757059508405
8.84932734919214 -0.539003755616238 -1.29384337688624
8.86122699138936 -0.554195424125553 -1.25911488225986
8.87324439517264 -0.569113982931551 -1.22337915861844
8.88538567898314 -0.583746240129315 -1.18662929451653
8.89765742031727 -0.598078406897807 -1.14885720979603
8.91006674249631 -0.612096067825213 -1.11005338550045
8.92262142467765 -0.625784149468222 -1.07020651382006
8.93533004286869 -0.639126886596286 -1.02930304072538
8.94820215284481 -0.652107785316928 -0.987326562828295
8.96129019672714 -0.664748933570935 -0.944118636834172
8.97453426474697 -0.6769617025659 -0.899892413966283
8.98783724440589 -0.688635900284678 -0.854998258033911
9.00114049433934 -0.699710076977426 -0.809668959307472
9.01441038169582 -0.710152968089227 -0.764058024550537
9.02762913617348 -0.719951378144725 -0.718266620361274
9.04078884848497 -0.729102550215138 -0.672361843187743
9.05388761988626 -0.737609480893361 -0.626388826651861
9.06692713130026 -0.74547810232515 -0.580378646842457
9.07991112885619 -0.75271562051005 -0.534353433498677
9.09284449253931 -0.759329557625503 -0.488329652999812
9.10573267210463 -0.765327216947346 -0.442320208073431
9.1185813524605 -0.770715397870413 -0.396335777489799
9.1313962614003 -0.77550025649436 -0.350385670416482
9.14418306498768 -0.779687249031318 -0.304478372298436
9.15694731646048 -0.783281120724603 -0.258621895517961
9.16969443747216 -0.78628591831622 -0.212824007057935
9.18242971861386 -0.78870501329315 -0.167092379082917
9.19515833123624 -0.790541128603399 -0.121434691559839
9.20788534575335 -0.791796364745557 -0.0758587053618542
9.22061575357442 -0.792472223001301 -0.0303723175318792
9.23335449102706 -0.792569624642736 0.0150163938905656
9.24610646438774 -0.792088925532837 0.0602991307626773
9.25887657560098 -0.791029925842612 0.105467338415251
9.2716697485585 -0.789391874748861 0.150512169917687
9.28449095599204 -0.787173470019632 0.195424449671037
9.29734524715334 -0.784372852379848 0.240194635346179
9.31023777653879 -0.780987594499283 0.284812777394966
9.32317383398196 -0.777014684370757 0.329268475464618
9.33615887649665 -0.77245050275328 0.373550831074263
9.34919856231365 -0.767290794244334 0.417648395888541
9.36229878762279 -0.761530631415837 0.461549114857616
9.37546572661293 -0.755164371296074 0.505240263390972
9.38870587550131 -0.74818560329927 0.548708377594073
9.40202610136684 -0.740587087487873 0.591939176419183
9.41543369675514 -0.732360681789737 0.63491747435736
9.42893644121582 -0.723497256469718 0.677627083017605
9.44254267117676 -0.713986593755022 0.72005069958651
9.45605710871777 -0.703972946911365 0.761547543093935
9.46934725390419 -0.693582876642691 0.801702909646472
9.48234387105901 -0.68291041585212 0.840316796141132
9.49501774858298 -0.672023805096396 0.877321714291526
9.50736362405434 -0.660971984021952 0.91272694350253
9.51938972289541 -0.649789979472902 0.946582998887266
9.53111124644354 -0.638503026235523 0.978960030615831
9.54254647029833 -0.627129563843461 1.00993524737036
9.55374213461456 -0.615654606136517 1.03965857587174
9.56478538101418 -0.604013181085665 1.06837538890552
9.57572879501193 -0.592167458381857 1.09622619898713
9.58660413089051 -0.580096798737431 1.12328944462558
9.59743043803785 -0.567791572670206 1.14960650478249
9.60821898166178 -0.555249236820707 1.17519664063152
9.61897626512189 -0.542471807680403 1.20006603684737
9.62970590184538 -0.529464220141174 1.22421330903387
9.64040977945198 -0.516233254697986 1.24763286439891
9.65108878421311 -0.502786833599206 1.27031694705853
9.66174325082079 -0.489133557830203 1.29225687360146
9.67237324000469 -0.475282401947982 1.31344376925595
9.68297870813475 -0.461242512709681 1.33386899617721
9.69355960908134 -0.447023076164242 1.35352439239666
9.70411595367515 -0.432633230070772 1.37240239490037
9.71464784273057 -0.418082006471253 1.39049609237621
9.72515548369101 -0.403378294453545 1.40779923583549
9.73563919723106 -0.388530816547712 1.42430622455087
9.74609941780064 -0.373548114427558 1.44001207806765
9.75653669061303 -0.358438541047239 1.45491240089496
9.7669516666428 -0.343210257296961 1.46900334390927
9.77734509660863 -0.32787123188696 1.48228156490612
9.78771782454336 -0.312429243579425 1.49474418974768
9.79807078131898 -0.296891885158811 1.50638877494255
9.80840497834583 -0.281266568710461 1.51721327211695
9.8187215015729 -0.265560531897788 1.52721599460433
9.82902150585753 -0.249780845009659 1.53639558623859
9.83930620973651 -0.233934418605867 1.54475099235008
9.8495768906084 -0.218028011628036 1.55228143291204
9.85983488032289 -0.202068239871759 1.55898637775586
9.87008156116514 -0.186061584736922 1.564865523757
9.88031836221837 -0.170014402189137 1.56991877388591
9.89054675608553 -0.15393293187784 1.57414621801553
9.90076825594993 -0.137823306366662 1.57754811537789
9.91098441295471 -0.121691560439926 1.5801248785649
9.92119681388131 -0.105543640456065 1.58187705897234
9.93140707910823 -0.08938541372447