0.00628318530717959 0.00594704899201157 1.86832054238421E-05 0.00628314396555895 1.97391438628847E-05
0.0125600811395772 0.0118881449820291 7.46580327866718E-05 0.0125597509049126 7.8876782170112E-05
0.0188369769719748 0.0178292409720467 0.000167924500809117 0.0188358629989738 0.00017741060471943
0.0251138728043725 0.0237703369620643 0.000298482609491178 0.02511123297337 0.000315336729347915
0.0313907686367701 0.0297114329520818 0.000466332358832854 0.0313856135829674 0.000492649721863914
0.0376676644691677 0.0356525289420994 0.000671473748834146 0.0376587576216128 0.000709342596261098
0.0439445603015653 0.041593624932117 0.000913906779495053 0.043930417931873 0.000965406814993686
0.050221456133963 0.0475347209221345 0.00119363145081558 0.0502003474147723 0.00126083228931284
0.0564983519663606 0.0534758169121521 0.00151064776279571 0.0564682990395289 0.0015956073796638
0.0627752477987582 0.0594169129021697 0.00186495571543547 0.0627340258532866 0.00196971889614539
0.0690521436311558 0.0653580088921872 0.00225655530873484 0.0689972809908458 0.0023831520990284
0.0753290394635534 0.0712991048822048 0.00268544654269382 0.0752578176843887 0.00283589069933765
0.0816059352959511 0.0772402008722224 0.00315162941731242 0.0815153892732026 0.00332791685949274
0.0878828311283487 0.0831812968622399 0.00365510393259064 0.0877697492133976 0.00385921119401134
0.0941597269607463 0.0891223928522575 0.00419587008852847 0.0940206510876206 0.00442975277027291
0.100436622793144 0.0950634888422751 0.00477392788512592 0.100267848614764 0.0050395191093433
0.106713518625542 0.101004584832293 0.00538927732238298 0.106511095659668 0.00568848618686058
0.112990414457939 0.10694568082231 0.00604191840029966 0.11275014624282 0.00637662843398124
0.119267310290337 0.112886776812328 0.00673185111887595 0.118984754550046 0.00710391873838812
0.125544206122734 0.118827872802345 0.00745907547811186 0.125214674942191 0.00787032844535818
0.131821101955132 0.124768968792363 0.00822359147800738 0.131439661964805 0.00867582735889172
0.13809799778753 0.13071006478238 0.00902539911856252 0.137659470357805 0.00952038374290176
0.144374893619927 0.136651160772398 0.00986449839977728 0.143873855065145 0.0104039643224647
0.150651789452325 0.142592256762416 0.0107408893216516 0.150082571244469 0.0113265342851316
0.156928685284723 0.148533352752433 0.0116545718841856 0.156285374276754 0.012288057282299
0.16320558111712 0.154474448742451 0.0126055460873792 0.162482019775953 0.0132884954306417
0.169482476949518 0.160415544732468 0.0135938119312325 0.168672263598622 0.014327809313605
0.175759372781915 0.166356640722486 0.0146193694157453 0.174855861853536 0.0154059579829577
0.182036268614313 0.172297736712503 0.0156822185409177 0.181032570911303 0.0165228989604059
0.188313164446711 0.178238832702521 0.0167823593067498 0.18720214741396 0.0176785882392658
0.194590060279108 0.184179928692539 0.0179197917132415 0.193364348284561 0.0188729802861981
0.200866956111506 0.190121024682556 0.0190945157603928 0.199518930736754 0.0201060280430019
0.207143851943904 0.196062120672574 0.0203065314482037 0.20566565228435 0.0213776829284686
0.213420747776301 0.202003216662591 0.0215558387766742 0.211804270750871 0.0226878948402963
0.219697643608699 0.207944312652609 0.0228424377458043 0.217934544279096 0.0240366121570632
0.225974539441096 0.213885408642626 0.0241663283555941 0.22405623134059 0.0254237817402622
0.232251435273494 0.219826504632644 0.0255275106060435 0.230169090745215 0.0268493489363937
0.238528331105892 0.225767600622662 0.0269259844971525 0.236272881650641 0.0283132575791197
0.244805226938289 0.231708696612679 0.0283617500289211 0.242367363571828 0.0298154499914763
0.251082122770687 0.237649792602697 0.0298348072013493 0.248452296390502 0.0313558669881461
0.257359018603085 0.243590888592714 0.0313451560144371 0.254527440364619 0.0329344478777899
0.263635914435482 0.249531984582732 0.0328927964681846 0.26059255613781 0.0345511304654386
0.26991281026788 0.255473080572749 0.0344777285625916 0.266647404748805 0.036205851054943
0.276189706100277 0.261414176562767 0.0360999522976583 0.272691747640859 0.0378985444514834
0.282466601932675 0.267355272552785 0.0377594676733846 0.27872534667114 0.0396291439641386
0.288743497765073 0.273296368542802 0.0394562746897705 0.284747964120118 0.0413975814085132
0.29502039359747 0.27923746453282 0.0411903733468161 0.290759362700931 0.0432037871094241
0.301297289429868 0.285178560522837 0.0429617636445212 0.296759305568732 0.0450476899036455
0.307574185262266 0.291119656512855 0.044770445582886 0.302747556330019 0.0469292171427129
0.313851081094663 0.297060752502872 0.0466164191619103 0.308723879051953 0.0488482946957854
0.320127976927061 0.30300184849289 0.0484996843815943 0.314688038271649 0.0508048469525664
0.326404872759458 0.308942944482908 0.0504202412419379 0.320639799005459 0.0527987968262821
0.332681768591856 0.314884040472925 0.0523780897429411 0.326578926758222 0.0548300657567193
0.338958664424254 0.320825136462943 0.054373229884604 0.332505187532512 0.0568985737133206
0.345235560256651 0.32676623245296 0.0564056616669264 0.33841834783785 0.0590042391983372
0.351512456089049 0.332707328442978 0.0584753850899085 0.344318174699905 0.0611469792500398
0.357789351921447 0.338648424432995 0.0605824001535502 0.350204435669679 0.0633267094459875
0.364066247753844 0.344589520423013 0.0627267068578515 0.356076898832656 0.0655433439063542
0.370343143586242 0.350530616413031 0.0649083052028124 0.361935332817946 0.0677967952973115
0.376620039418639 0.356471712403048 0.0671271951884329 0.367779506807398 0.0700869748344704
0.382896935251037 0.362412808393066 0.0693833768147131 0.373609190544695 0.0724137922863785
0.389173831083435 0.368353904383083 0.0716768500816529 0.379424154344425 0.0747771559780759
0.395450726915832 0.374295000373101 0.0740076149892522 0.385224169101133 0.0771769727947065
0.40172762274823 0.380236096363118 0.0763756715375112 0.391009006298343 0.0796131481851869
0.408004518580628 0.386177192353136 0.0787810197264298 0.396778438017566 0.082085586165932
0.414281414413025 0.392118288343153 0.081223659556008 0.402532236947277 0.0845941893246356
0.420558310245423 0.398059384333171 0.0837035910262459 0.408270176391873 0.0871388588241098
0.42683520607782 0.404000480323189 0.0862208141371433 0.413992030280603 0.089719494406178
0.433112101910218 0.409941576313206 0.0887753288887004 0.419697573176474 0.0923359943956256
0.439388997742616 0.415882672303224 0.0913671352809171 0.425386580285137 0.0949882557042055
0.445665893575013 0.421823768293241 0.0939962333137934 0.43105882746374 0.0976761738347004
0.451942789407411 0.427764864283259 0.0966626229873293 0.43671409122976 0.100399642885039
0.458219685239809 0.433705960273276 0.0993663043015248 0.442352148769808 0.103158555552469
0.464496581072206 0.439647056263294 0.10210727725638 0.447972777948411 0.105952803137785
0.470773476904604 0.445588152253312 0.104885541851895 0.453575757316758 0.108782275549611
0.477050372737001 0.451529248243329 0.107701098088069 0.45916086612143 0.111646861308737
0.483327268569399 0.457470344233347 0.110553945964903 0.464727884313094 0.114546447552512
0.489604164401797 0.463411440223364 0.113444085482397 0.470276592555175 0.117480920039292
0.495881060234194 0.469352536213382 0.11637151664055 0.475806772232498 0.120450163152939
0.502157956066592 0.475293632203399 0.119336239439363 0.481318205459898 0.123454059907375
0.50843485189899 0.481234728193417 0.122338253878835 0.48681067509081 0.126492491951197
0.514711747731387 0.487175824183435 0.125377559958967 0.492283964725818 0.129565339572332
0.520988643563785 0.493116920173452 0.128454157679759 0.497737858721187 0.132672481702761
0.527265539396182 0.49905801616347 0.13156804704121 0.503172142197355 0.135813795923283
0.53354243522858 0.504999112153487 0.134719228043321 0.5085866010474 0.138989158468343
0.539819331060978 0.510940208143505 0.137907700686092 0.513981021945479 0.142198444230904
0.546096226893375 0.516881304133522 0.141133464969522 0.519355192355227 0.145441526767381
0.552373122725773 0.52282240012354 0.144396520893612 0.524708900538135 0.148718278302617
0.558650018558171 0.528763496113558 0.147696868458361 0.530041935561892 0.152028569734921
0.564926914390568 0.534704592103575 0.15103450766377 0.535354087308694 0.155372270641157
0.571203810222966 0.540644141700444 0.15440943850586 0.540645146483523 0.158749249281874
0.577480706055364 0.544698981691409 0.15781573136983 0.545914904622395 0.162159372606507
0.583757601887761 0.548753821682374 0.16124747604204 0.551163154100569 0.16560250625861
0.590034497720159 0.552808661673339 0.16470467252249 0.556389688140734 0.169078514581157
0.596311393552556 0.556863501664305 0.168187320811181 0.561594300821147 0.172587260621879
0.602588289384954 0.56091834165527 0.171695420908112 0.566776787083756 0.176128606138668
0.608865185217352 0.564973181646235 0.175228972813284 0.57193694274227 0.179702411605017
0.615142081049749 0.569028021637201 0.178787976526696 0.577074564490211 0.183308536215522
0.621418976882147 0.573082861628166 0.182372432048348 0.58218944990892 0.186946837891427
0.627695872714544 0.577137701619131 0.18598233937824 0.587281397475532 0.190617173286221
0.633972768546942 0.581192541610097 0.189617698516373 0.592350206570919 0.19431939779129
0.64024966437934 0.585247381601062 0.193278509462747 0.597395677487592 0.198053365541608
0.646526560211737 0.589302221592027 0.19696477221736 0.602417611437568 0.201818929421491
0.652803456044135 0.593357061582993 0.200676486780214 0.607415810560208 0.205615941070387
0.659080351876533 0.597411901573958 0.204413653151308 0.612390077930003 0.209444250888728
0.66535724770893 0.601466741564923 0.208176271330642 0.617340217564342 0.213303708043815
0.671634143541328 0.605521581555889 0.211964341318217 0.622266034431228 0.21719416047577
0.677911039373725 0.609576421546854 0.215777863114032 0.627167334456964 0.221115454903523
0.684187935206123 0.613631261537819 0.219616836718088 0.632043924533801 0.225067436830848
0.690464831038521 0.617686101528785 0.223481262130384 0.636895612527541 0.229049950552457
0.696741726870918 0.62174094151975 0.22737113935092 0.641722207285113 0.233062839160129
0.703018622703316 0.625795781510715 0.231286468379696 0.646523518642102 0.237105944548894
0.709295518535714 0.62985062150168 0.235227249216713 0.651299357430239 0.241179107423262
0.715572414368111 0.633905461492646 0.23919348186197 0.656049535484858 0.2452821673035
0.721849310200509 0.637960301483611 0.243185166315468 0.660773865652308 0.249414962531955
0.728126206032906 0.642015141474576 0.247202302577205 0.665472161797323 0.25357733027942
0.734403101865304 0.646069981465542 0.251244890647184 0.670144238810364 0.257769106551554
0.740679997697702 0.650124821456507 0.255312930525402 0.674789912614904 0.26199012619534
0.746956893530099 0.654179661447472 0.259406422211861 0.679409000174684 0.266240222905591
0.753233789362497 0.658234501438438 0.26352536570656 0.684001319500925 0.270519229231508
0.759510685194895 0.662289341429403 0.267669761009499 0.688566689659498 0.274826976583271
0.765787581027292 0.666344181420368 0.271839608120679 0.693104930778051 0.279163295238684
0.77206447685969 0.670399021411334 0.276034907040099 0.697615864053097 0.283528014349863
0.778341372692087 0.674453861402299 0.280255657767759 0.702099311757059 0.287920961949965
0.784618268524485 0.678508701393264 0.28450186030366 0.706555097245273 0.292341964959965
0.790895164356883 0.68256354138423 0.288773514647801 0.710983044962944 0.296790849195476
0.79717206018928 0.686618381375195 0.293070620800183 0.715382980452069 0.301267439373608
0.803448956021678 0.69067322136616 0.297393178760804 0.719754730358304 0.305771559119878
0.809725851854076 0.694728061357126 0.301741188529666 0.724098122437799 0.310303030975158
0.816002747686473 0.698782901348091 0.306114650106769 0.728412985563981 0.314861676402664
0.822279643518871 0.702837741339056 0.310513563492111 0.732699149734298 0.319447315794995
0.828556539351268 0.706892581330022 0.314937928685695 0.736956446076916 0.324059768481206
0.834833435183666 0.710947421320987 0.319387745687518 0.741184706857375 0.328698852733926
0.841110331016064 0.715002261311952 0.323863014497582 0.745383765485193 0.333364385776522
0.847387226848461 0.719057101302917 0.328363735115886 0.749553456520435 0.338056183790294
0.853664122680859 0.723111941293883 0.33288990754243 0.753693615680224 0.342774061921723
0.859941018513257 0.727166781284848 0.337441531777215 0.757804079845222 0.347517834289752
0.866217914345654 0.731221621275813 0.34201860782024 0.761884687066052 0.352287313993107
0.872494810178052 0.735276461266779 0.346621135671505 0.765935276569678 0.357082313117666
0.878771706010449 0.739331301257744 0.351249115331011 0.769955688765742 0.361902642743859
0.885048601842847 0.743386141248709 0.355902546798757 0.77394576525285 0.36674811295411
0.891325497675245 0.747440981239675 0.360581430074743 0.777905348824814 0.371618532840326
0.897602393507642 0.75149582123064 0.36528576515897 0.781834283476844 0.37651371051141
0.90387928934004 0.755550661221605 0.370015552051437 0.785732414411698 0.381433453100829
0.910156185172438 0.759605501212571 0.374770790752144 0.789599588045776 0.386377566774209
0.916433081004835 0.763660341203536 0.379551481261092 0.793435652015176 0.39134585673697
0.922709976837233 0.767715181194501 0.38435762357828 0.797240455181693 0.396338127242008
0.92898687266963 0.771770021185467 0.389189217703708 0.801013847638778 0.401354181597398
0.935263768502028 0.775824861176432 0.394046263637377 0.804755680717438 0.406393822174151
0.941540664334426 0.779879701167397 0.398928761379286 0.808465806992099 0.411456850413996
0.947817560166823 0.783934541158362 0.403836710929435 0.812144080286415 0.416543066837206
0.954094455999221 0.787989381149328 0.408770112287825 0.815790355679021 0.421652271050455
0.960371351831619 0.792044221140293 0.413728965454455 0.819404489509249 0.426784261754715
0.966648247664016 0.796099061131259 0.418713270429325 0.822986339382785 0.431938836753186
0.972925143496414 0.800153901122224 0.423723027212436 0.82653576417728 0.437115792959262
0.979202039328811 0.804208741113189 0.428758235803787 0.83005262404791 0.442314926404535
0.985478935161209 0.808263581104155 0.433818896203378 0.833536780432887 0.447536032246829
0.991755830993607 0.81231842109512 0.438905008411209 0.836988096058916 0.452778904778269
0.998032726826004 0.816373261086085 0.444016572427281 0.840406434946606 0.458043337433392
1.0043096226584 0.82042810107705 0.449153588251594 0.843791662415824 0.463329122797276
1.0105865184908 0.824482941068016 0.454316055884146 0.847143645091005 0.468636052613723
1.0168634143232 0.828537781058981 0.459503975324939 0.850462250906405 0.473963917793455
1.02314031015559 0.832592621049946 0.464717346573972 0.853747349111305 0.479312508422356
1.02941720598799 0.836647461040912 0.469956169631246 0.856998810275162 0.484681613769743
1.03569410182039 0.840702301031877 0.47522044449676 0.860216506292708 0.490071022296666
1.04197099765279 0.844757141022842 0.480510171170514 0.863400310388999 0.495480521664247
1.04824789348519 0.848811981013808 0.485825349652509 0.866550097124407 0.500909898742039
1.05452478931758 0.852866821004773 0.491165979942744 0.869665742399564 0.506358939616431
1.06080168514998 0.856921660995738 0.496532062041219 0.872747123460255 0.51182742959907
1.06707858098238 0.860976500986704 0.501923595947934 0.875794118902246 0.517315153235324
1.07335547681478 0.865031340977669 0.50734058166289 0.878806608676074 0.522821894312766
1.07963237264717 0.869086180968634 0.512783019186086 0.881784474091776 0.528347435869697
1.08590926847957 0.8731410209596 0.518250908517523 0.884727597823563 0.533891560203692
1.09218616431197 0.877195860950565 0.5237442496572 0.887635863914443 0.539454048880179
1.09846306014437 0.88125070094153 0.529263042605117 0.890509157780792 0.545034682741042
1.10473995597676 0.885305540932495 0.534807287361275 0.893347366216866 0.550633241913258
1.11101685180916 0.889360380923461 0.540376983925673 0.896150377399262 0.55624950581756
1.11729374764156 0.893415220914426 0.545972132298311 0.898918080891325 0.561883253177128
1.12357064347396 0.897470060905391 0.551592732479189 0.901650367647497 0.567534262026303
1.12984753930635 0.901524900896357 0.557238784468308 0.904347130017613 0.573202309719339
1.13612443513875 0.905579740887322 0.562910288265667 0.907008261751146 0.57888717293917
1.14240133097115 0.909632557242532 0.568607243867217 0.909633658001391 0.584588627706211
1.14867822680355 0.910513758187444 0.574319678278056 0.912223215329593 0.59030644938718
1.15495512263594 0.911394959132356 0.580037643895432 0.914776831709028 0.596040412703952
1.16123201846834 0.912276160077268 0.585761140719347 0.917294406529018 0.601790291742433
1.16750891430074 0.91315736102218 0.591490168749802 0.919775840598898 0.607555859961459
1.17378581013314 0.914038561967091 0.597224727986794 0.922221036151923 0.613336890201725
1.18006270596554 0.914919762912003 0.602964818430325 0.92462989684912 0.619133154694734
1.18633960179793 0.915800963856915 0.608710440080395 0.927002327783082 0.624944425071767
1.19261649763033 0.916682164801827 0.614461592937004 0.929338235481711 0.630770472372888
1.19889339346273 0.917563365746739 0.620218277000151 0.931637527911897 0.636611067055957
1.20517028929513 0.918444566691651 0.625980492269837 0.933900114483146 0.64246597900568
1.21144718512752 0.919325767636563 0.631748238746061 0.93612590605115 0.648334977542672
1.21772408095992 0.920206968581475 0.637521516428824 0.938314814921297 0.654217831432545
1.22400097679232 0.921088169526387 0.643300325318126 0.940466754852128 0.660114308895023
1.23027787262472 0.921969370471298 0.649084665413966 0.942581641058732 0.666024177613067
1.23655476845711 0.92285057141621 0.654874536716345 0.944659390216091 0.671947204742036
1.24283166428951 0.923731772361122 0.660669939225262 0.946699920462359 0.677883156918854
1.24910856012191 0.924612973306034 0.666470872940718 0.948703151402089 0.683831800271209
1.25538545595431 0.925494174250946 0.672277337862713 0.950669004109401 0.689792900426764
1.2616623517867 0.926375375195858 0.678089333991247 0.95259740113109 0.695766222522395
1.2679392476191 0.92725657614077 0.683906861326319 0.954488266489679 0.70175153121344
1.2742161434515 0.928137777085682 0.689729919867929 0.956341525686411 0.707748590682974
1.2804930392839 0.929018978030594 0.695558509616078 0.958157105704187 0.713757164651102
1.2867699351163 0.929900178975505 0.701392630570766 0.959934935010438 0.719777016384263
1.29304683094869 0.930781379920417 0.707232282731993 0.96167494355995 0.725807908704561
1.29932372678109 0.931662580865329 0.713077466099758 0.963377062797618 0.731849603999109
1.30560062261349 0.932543781810241 0.718928180674062 0.965041225661148 0.737901864229392
1.31187751844589 0.933424982755153 0.724784426454904 0.966667366583703 0.74396445094064
1.31815441427828 0.934306183700065 0.730646203442285 0.968255421496482 0.75003712527123
1.32443131011068 0.935187384644977 0.736513511636204 0.969805327831244 0.756119647962093
1.33070820594308 0.936068585589889 0.742386351036663 0.971317024522779 0.762211779366143
1.33698510177548 0.936949786534801 0.74826472164366 0.972790452011306 0.768313279457716
1.34326199760787 0.937830987479712 0.754148623457195 0.974225552244827 0.774423907842027
1.34953889344027 0.938712188424624 0.760038056477269 0.975622268681408 0.780543423764647
1.35581578927267 0.939593389369536 0.765933020703882 0.97698054629141 0.78667158612098
1.36209268510507 0.940474590314448 0.771833516137033 0.978300331559657 0.792808153465768
1.36836958093746 0.94135579125936 0.777739542776723 0.979581572487545 0.798952884022604
1.37464647676986 0.942236992204272 0.783651100622952 0.980824218595088 0.805105535693454
1.38092337260226 0.943118193149184 0.789568189675719 0.982028220922909 0.811265866068199
1.38720026843466 0.943999394094096 0.795490809935025 0.983193532034169 0.817433632434185
1.39347716426705 0.944880595039008 0.801418961400869 0.984320106016435 0.823608591785783
1.39975406009945 0.94576179598392 0.807352644073252 0.98540789848349 0.829790500833967
1.40603095593185 0.946642996928831 0.813291857952174 0.986456866577082 0.835979116015899
1.41230785176425 0.947524197873743 0.819236603037634 0.987466968968609 0.842174193504522
1.41858474759665 0.948405398818655 0.825186879329633 0.988438165860753 0.848375489218169
1.42486164342904 0.949286599763567 0.83114268682817 0.989370418989045 0.85458275883018
1.43113853926144 0.950167800708479 0.837104025533246 0.99026369162337 0.860795757778528
1.43741543509384 0.951049001653391 0.843070895444861 0.991117948569421 0.867014241275453
1.44369233092624 0.951930202598303 0.849043296563015 0.991933156170077 0.873237964317109
1.44996922675863 0.952811403543215 0.855021228887707 0.992709282306736 0.879466681693215
1.45624612259103 0.953692604488127 0.861004692418937 0.993446296400579 0.885700147996716
1.46252301842343 0.954573805433038 0.866993687156707 0.994144169413772 0.891938117633454
1.46879991425583 0.95545500637795 0.872988213101014 0.994802873850612 0.898180344831842
1.47507681008822 0.956336207322862 0.878988270251861 0.995422383758612 0.904426583652548
1.48135370592062 0.957217408267774 0.884993858609246 0.996002674729518 0.910676587998186
1.48763060175302 0.958098609212686 0.89100497817317 0.996543723900278 0.91693011162301
1.49390749758542 0.958979810157598 0.897021628943632 0.997045509953938 0.923186908142616
1.50018439341781 0.95986101110251 0.903043810920633 0.997508013120483 0.929446731043653
1.50646128925021 0.960742212047422 0.909071524104173 0.997931215177614 0.93570933369353
1.51273818508261 0.961623412992334 0.915104768494251 0.998315099451472 0.941974469350137
1.51901508091501 0.962504613937245 0.921143544090868 0.998659650817286 0.948241891171566
1.5252919767474 0.963385814882157 0.927187850894024 0.998964855699978 0.954511352225834
1.5315688725798 0.964267015827069 0.933237688903718 0.999230702074691 0.960782605500616
1.5378457684122 0.965148216771981 0.93929305811995 0.999457179467266 0.967055403912973
1.5441226642446 0.966029417716893 0.945353958542722 0.999644278954654 0.973329500319087
1.550399560077 0.966910618661805 0.951420390172032 0.999791993165268 0.979604647524005
1.55667645590939 0.967791819606717 0.95749235300788 0.999900316279273 0.98588059829137
1.56295335174179 0.968673020551629 0.963569847050268 0.999969244028814 0.992157105353164
1.56923024757419 0.969554221496541 0.969652872299193 0.999998773698188 0.998433921419454
1.57550714340659 0.970435422441452 0.975741428754658 0.999988904123945 1.00471079918813
1.58178403923898 0.971316623386364 0.981835516416661 0.999939635694941 1.01098749135466
1.58806093507138 0.972197824331276 0.987935135285203 0.999850970352316 1.0172637506218
1.59433783090378 0.973079025276188 0.994040285360283 0.999722911589423 1.02353932970939
1.60061472673618 0.9739602262211 1.0001509666419 0.999555464451685 1.02981398136407
1.60689162256857 0.974841427166012 1.00626717913006 0.999348635536401 1.03608745836898
1.61316851840097 0.975722628110924 1.01238892282476 0.999102432992485 1.04235951355359
1.61944541423337 0.976603829055836 1.01851619772599 0.998816866520142 1.04862989980336
1.62572231006577 0.977485030000748 1.02464900383376 0.998491947370489 1.05489837006951
1.63199920589816 0.978366230945659 1.03078734114808 0.99812768834511 1.06116467737875
1.63827610173056 0.979247431890571 1.03693120966893 0.997724103795554 1.06742857484301
1.64455299756296 0.980128632835483 1.04308060939632 0.997281209622765 1.07368981566916
1.65082989339536 0.981009833780395 1.04923554033024 0.99679902327646 1.07994815316876
1.65710678922775 0.981891034725307 1.05539600247071 0.99627756375444 1.08620334076773
1.66338368506015 0.982772235670219 1.06156199581772 0.995716851601841 1.09245513201611
1.66966058089255 0.983653436615131 1.06773352037126 0.995116908910325 1.09870328059775
1.67593747672495 0.984534637560043 1.07391057613134 0.994477759317209 1.10494754034003
1.68221437255735 0.985415838504955 1.08009316309796 0.993799428004535 1.11118766522353
1.68849126838974 0.986297039449866 1.08628128127112 0.993081941698075 1.11742340939175
1.69476816422214 0.987178240394778 1.09247493065082 0.992325328666282 1.12365452716078
1.70104506005454 0.98805944133969 1.09867411123706 0.991529618719174 1.12988077302899
1.70732195588694 0.988940642284602 1.10487882302983 0.99069484320716 1.13610190168672
1.71359885171933 0.989820270350064 1.1110890660269 0.989821035019803 1.14231766802588
1.71987574755173 0.987248057175182 1.1172939919996 0.988908228584528 1.1485278271497
1.72615264338413 0.984675844000299 1.12348277245815 0.987956459865261 1.1547321343823
1.73242953921653 0.982103630825416 1.12965540740254 0.986965766361017 1.16093034527836
1.73870643504892 0.979531417650533 1.13581189683277 0.985936187104417 1.16712221563276
1.74498333088132 0.976959204475651 1.14195224074885 0.984867762660156 1.17330750149021
1.75126022671372 0.974386991300768 1.14807643915076 0.9837605351234 1.17948595915481
1.75753712254612 0.971814778125885 1.15418449203852 0.98261454811813 1.18565734519971
1.76381401837851 0.969242564951003 1.16027639941212 0.981429846795422 1.19182141647666
1.77009091421091 0.96667035177612 1.16635216127157 0.980206477831671 1.19797793012563
1.77636781004331 0.964098138601237 1.17241177761686 0.978944489426747 1.20412664358434
1.78264470587571 0.961525925426354 1.17845524844799 0.977643931302098 1.21026731459782
1.7889216017081 0.958953712251472 1.18448257376496 0.976304854698796 1.21639970122799
1.7951984975405 0.956381499076589 1.19049375356777 0.974927312375509 1.22252356186316
1.8014753933729 0.953809285901706 1.19648878785643 0.97351135860643 1.22863865522755
1.8077522892053 0.951237072726823 1.20246767663093 0.972057049179135 1.23474474039082
1.8140291850377 0.948664859551941 1.20843041989127 0.970564441392385 1.24084157677753
1.82030608087009 0.946092646377058 1.21437701763746 0.969033594053871 1.24692892417665
1.82658297670249 0.943520433202175 1.22030746986949 0.967464567477893 1.253006542751
1.83285987253489 0.940948220027293 1.22622177658736 0.965857423482988 1.25907419304671
1.83913676836729 0.93837600685241 1.23211993779107 0.96421222538949 1.26513163600266
1.84541366419968 0.935803793677527 1.23800195348062 0.962529038017041 1.27117863295988
1.85169056003208 0.933231580502645 1.24386782365602 0.960807927682031 1.27721494567097
1.85796745586448 0.930659367327762 1.24971754831726 0.959048962194988 1.2832403363095
1.86424435169688 0.928087154152879 1.25555112746434 0.957252210857906 1.28925456747932
1.87052124752927 0.925514940977996 1.26136856109727 0.955417744461518 1.295257402224
1.87679814336167 0.922942727803114 1.26716984921604 0.953545635282498 1.3012486040361
1.88307503919407 0.920370514628231 1.27295499182065 0.951635957080625 1.3072279368665
1.88935193502647 0.917798301453348 1.2787239889111 0.949688785095865 1.31319516513372
1.89562883085886 0.915226088278466 1.28447684048739 0.947704196045418 1.3191500537332
1.90190572669126 0.912653875103583 1.29021354654953 0.945682268120687 1.32509236804655
1.90818262252366 0.9100816619287 1.29593410709751 0.943623080984199 1.33102187395078
1.91445951835606 0.907509448753817 1.30163852213134 0.94152671576647 1.33693833782757
1.92073641418846 0.904937235578935 1.307326791651 0.939393255062806 1.34284152657242
1.92701331002085 0.902365022404052 1.31299891565651 0.937222782930047 1.34873120760388
1.93329020585325 0.899792809229169 1.31865489414786 0.935015384883258 1.35460714887268
1.93956710168565 0.897220596054287 1.32429472712505 0.93277114789236 1.36046911887091
1.94584399751805 0.894648382879404 1.32991841458809 0.930490160378701 1.36631688664109
1.95212089335044 0.892076169704521 1.33552595653697 0.928172512211575 1.37215022178531
1.95839778918284 0.889503956529638 1.34111735297169 0.925818294704676 1.3779688944743
1.96467468501524 0.886931743354756 1.34669260389225 0.92342760061251 1.38377267545648
1.97095158084764 0.884359530179873 1.35225170929866 0.921000524126729 1.38956133606698
1.97722847668003 0.88178731700499 1.35779466919091 0.918537160872429 1.39533464823668
1.98350537251243 0.879215103830107 1.363321483569 0.916037607904378 1.40109238450116
1.98978226834483 0.876642890655225 1.36883215243293 0.913501963703193 1.40683431800969
1.99605916417723 0.874070677480342 1.37432667578271 0.91093032817146 1.41256022253416
2.00233606000962 0.871498464305459 1.37980505361833 0.908322802629799 1.41826987247798
2.00861295584202 0.868926251130577 1.38526728593979 0.905679489812869 1.42396304288499
2.01488985167442 0.866354037955694 1.39071337274709 0.903000493865323 1.42963950944831
2.02116674750682 0.863781824780811 1.39614331404024 0.900285920337705 1.43529904851917
2.02744364333921 0.861209611605928 1.40155710981923 0.897535876182291 1.44094143711573
2.03372053917161 0.858637398431046 1.40695476008406 0.894750469748871 1.4465664529319
2.03999743500401 0.856065185256163 1.41233626483473 0.891929810780488 1.45217387434601
2.04627433083641 0.85349297208128 1.41770162407125 0.889074010409108 1.45776348042965
2.05255122666881 0.850920758906398 1.42305083779361 0.886183181151243 1.46333505095628
2.0588281225012 0.848348545731515 1.42838390600181 0.88325743690352 1.46888836640999
2.0651050183336 0.845776332556632 1.43370082869585 0.880296892938189 1.47442320799406
2.071381914166 0.843204119381749 1.43900160587574 0.877301665898587 1.47993935763966
2.0776588099984 0.840631906206867 1.44428623754147 0.874271873794538 1.48543659801439
2.08393570583079 0.838059693031984 1.44955472369304 0.871207635997706 1.49091471253089
2.09021260166319 0.835487479857101 1.45480706433045 0.868109073236891 1.49637348535532
2.09648949749559 0.832915266682219 1.46004325945371 0.864976307593271 1.50181270141589
2.10276639332799 0.830343053507336 1.46526330906281 0.861809462495594 1.50723214641134
2.10904328916038 0.827770840332453 1.47046721315775 0.858608662715315 1.51263160681938
2.11532018499278 0.825198627157571 1.47565497173853 0.855374034361679 1.51801086990509
2.12159708082518 0.822626413982688 1.48082658480516 0.852105704876753 1.52336972372931
2.12787397665758 0.820054200807805 1.48598205235763 0.848803803030404 1.528707957157
2.13415087248997 0.817481987632922 1.49112137439594 0.845468458915227 1.53402535986553
2.14042776832237 0.81490977445804 1.4962445509201 0.842099803941418 1.53932172235302
2.14670466415477 0.812337561283157 1.50135158193009 0.838697970831598 1.54459683594652
2.15298155998717 0.809765348108274 1.50644246742593 0.835263093615583 1.5498504928103
2.15925845581956 0.807193134933392 1.51151720740762 0.831795307625104 1.55508248595399
2.16553535165196 0.804620921758509 1.51657580187514 0.828294749488471 1.56029260924077
2.17181224748436 0.802048708583626 1.52161825082851 0.824761557125199 1.56548065739547
2.17808914331676 0.799476495408743 1.52664455426772 0.821195869740564 1.57064642601267
2.18436603914916 0.796904282233861 1.53165471219277 0.817597827820124 1.57578971156475
2.19064293498155 0.794332069058978 1.53664872460366 0.813967573124183 1.58091031140988
2.19691983081395 0.791759855884095 1.5416265915004 0.810305248682206 1.58600802380007
2.20319672664635 0.789187642709212 1.54658831288298 0.806610998787182 1.59108264788906
2.20947362247875 0.78661542953433 1.5515338887514 0.802884968989943 1.59613398374025
2.21575051831114 0.784043216359447 1.55646331910567 0.799127306093422 1.60116183233458
2.22202741414354 0.781471003184564 1.56137660394578 0.795338158146879 1.60616599557838
2.22830430997594 0.778898790009682 1.56627374327173 0.791517674440058 1.61114627631116
2.23458120580834 0.776326576834799 1.57115473708352 0.787666005497314 1.61610247831339
2.24085810164073 0.773754363659916 1.57601958538115 0.783783303071674 1.62103440631422
2.24713499747313 0.771182150485033 1.58086828816463 0.779869720138866 1.62594186599917
2.25341189330553 0.768609937310151 1.58570084543395 0.775925410891285 1.63082466401782
2.25968878913793 0.766037724135268 1.59051725718912 0.771950530731924 1.63568260799136
2.26596568497032 0.763465510960385 1.59531752343012 0.767945236268246 1.64051550652026
2.27224258080272 0.760893297785503 1.60010164415697 0.763909685306017 1.64532316919173
2.27851947663512 0.75832108461062 1.60486961936966 0.759844036843087 1.65010540658727
2.28479637246752 0.755748150879731 1.60962144906757 0.755748451063127 1.65486203029011
2.29107326829992 0.750539183093689 1.61434885341208 0.751623089329317 1.65959285289264
2.29735016413231 0.745330215307648 1.6190435616084 0.747468114177988 1.66429768800381
2.30362705996471 0.740121247521606 1.62370557365653 0.74328368931222 1.66897635025643
2.30990395579711 0.734912279735564 1.62833488955647 0.739069979595388 1.67362865531454
2.31618085162951 0.729703311949522 1.63293150930823 0.734827151044672 1.6782544198806
2.3224577474619 0.72449434416348 1.6374954329118 0.730555370824514 1.68285346170277
2.3287346432943 0.719285376377438 1.64202666036718 0.726254807240028 1.68742559958206
2.3350115391267 0.714076408591396 1.64652519167437 0.721925629730375 1.69197065337946
2.3412884349591 0.708867440805354 1.65099102683338 0.717568008862083 1.69648844402309
2.34756533079149 0.703658473019313 1.6554241658442 0.71318211632233 1.70097879351518
2.35384222662389 0.698449505233271 1.65982460870683 0.708768124912176 1.70544152493915
2.36011912245629 0.693240537447229 1.66419235542128 0.704326208539756 1.70987646246654
2.36639601828869 0.688031569661187 1.66852740598754 0.699856542213431 1.71428343136395
2.37267291412108 0.682822601875145 1.67282976040561 0.69535930203489 1.71866225799992
2.37894980995348 0.677613634089103 1.67709941867549 0.69083466519221 1.7230127698518
2.38522670578588 0.672404666303061 1.68133638079719 0.68628280995288 1.72733479551248
2.39150360161828 0.667195698517019 1.6855406467707 0.681703915656774 1.73162816469722
2.39778049745067 0.661986730730978 1.68971221659602 0.677098162709083 1.73589270825032
2.40405739328307 0.656777762944936 1.69385109027315 0.672465732573214 1.74012825815177
2.41033428911547 0.651568795158894 1.6979572678021 0.667806807763633 1.74433464752391
2.41661118494787 0.646359827372852 1.70203074918286 0.66312157183868 1.74851171063798
2.42288808078027 0.64115085958681 1.70607153441543 0.658410209393331 1.75265928292065
2.42916497661266 0.635941891800768 1.71007962349981 0.653672906051932 1.75677720096051
2.43544187244506 0.630732924014726 1.71405501643601 0.64890984846088 1.7608653025145
2.44171876827746 0.625523956228685 1.71799771322402 0.644121224281271 1.76492342651431
2.44799566410986 0.620314988442642 1.72190771386385 0.639307222181507 1.76895141307274
2.45427255994225 0.615106020656601 1.72578501835548 0.634468031829863 1.77294910348996
2.46054945577465 0.609897052870559 1.72962962669893 0.629603843887012 1.77691634025981
2.46682635160705 0.604688085084517 1.73344153889419 0.624714849998514 1.78085296707596
2.47310324743945 0.599479117298475 1.73722075494126 0.619801242787268 1.78475882883811
2.47938014327184 0.594270149512433 1.74096727484015 0.614863215845917 1.78863377165806
2.48565703910424 0.589061181726391 1.74468109859085 0.609900963729227 1.79247764286582
2.49193393493664 0.58385221394035 1.74836222619336 0.604914681946418 1.79629029101557
2.49821083076904 0.578643246154308 1.75201065764769 0.599904566953461 1.80007156589169
2.50448772660143 0.573434278368266 1.75562639295382 0.59487081614534 1.80382131851462
2.51076462243383 0.568225310582224 1.75920943211177 0.589813627848272 1.80753940114676
2.51704151826623 0.563016342796182 1.76275977512154 0.584733201311896 1.81122566729828
2.52331841409863 0.55780737501014 1.76627742198311 0.579629736701419 1.81487997173292
2.52959530993102 0.552598407224098 1.7697623726965 0.574503435089733 1.81850217047366
2.53587220576342 0.547389439438056 1.7732146272617 0.569354498449494 1.82209212080844
2.54214910159582 0.542180471652014 1.77663418567872 0.564183129645156 1.82564968129576
2.54842599742822 0.536971503865972 1.78002104794754 0.558989532424992 1.82917471177026
2.55470289326062 0.531762536079931 1.78337521406818 0.553773911413053 1.83266707334822
2.56097978909301 0.526553568293889 1.78669668404063 0.548536472101114 1.83612662843308
2.56725668492541 0.521344600507847 1.7899854578649 0.543277420840575 1.83955324072081
2.57353358075781 0.516135632721805 1.79324153554097 0.537996964834334 1.84294677520532
2.57981047659021 0.510926664935763 1.79646491706886 0.532695312128616 1.84630709818375
2.5860873724226 0.505717697149721 1.79965560244857 0.527372671604785 1.84963407726175
2.592364268255 0.50050872936368 1.80281359168008 0.52202925297111 1.85292758135871
2.5986411640874 0.495299761577638 1.80593888476341 0.5166652667545 1.8561874807129
2.6049180599198 0.490090793791596 1.80903148169855 0.511280924292213 1.85941364688659
2.61119495575219 0.484881826005554 1.8120913824855 0.505876437723532 1.86260595277111
2.61747185158459 0.479672858219512 1.81511858712427 0.5004520199814 1.86576427259187
2.62374874741699 0.47446389043347 1.81811309561485 0.495007884784035 1.86888848191332
2.63002564324939 0.469254922647428 1.82107490795724 0.489544246626509 1.87197845764381
2.63630253908178 0.464045954861386 1.82400402415144 0.484061320772297 1.8750340780405
2.64257943491418 0.458836987075344 1.82690044419746 0.478559323244795 1.87805522271409
2.64885633074658 0.453628019289302 1.82976416809529 0.473038470818809 1.88104177263363
2.65513322657898 0.448419051503261 1.83259519584493 0.467498981012018 1.88399361013116
2.66141012241137 0.443210083717219 1.83539352744639 0.461941072076396 1.88691061890639
2.66768701824377 0.438001115931177 1.83815916289965 0.45636496298962 1.88979268403122
2.67396391407617 0.432792148145135 1.84089210220473 0.45077087344644 1.89263969195434
2.68024080990857 0.427583180359093 1.84359234536163 0.445159023850022 1.89545153050564
2.68651770574097 0.422374212573051 1.84625989237033 0.439529635303269 1.89822808890068
2.69279460157336 0.41716524478701 1.84889474323085 0.433882929600101 1.90096925774503
2.69907149740576 0.411956277000968 1.85149689794318 0.428219129216726 1.90367492903857
2.70534839323816 0.406747309214926 1.85406635650733 0.422538457302868 1.90634499617977
2.71162528907056 0.401538341428884 1.85660311892328 0.41684113767298 1.90897935396988
2.71790218490295 0.396329373642842 1.85910718519105 0.411127394797418 1.91157789861706
2.72417908073535 0.3911204058568 1.86157855531063 0.405397453793608 1.91414052774049
2.73045597656775 0.385911438070758 1.86401722928203 0.399651540417168 1.9166671403744
2.73673287240015 0.380702470284716 1.86642320710523 0.393889881053016 1.91915763697205
2.74300976823254 0.375493502498674 1.86879648878025 0.388112702706452 1.92161191940963
2.74928666406494 0.370284534712632 1.87113707430709 0.382320232994211 1.92402989099014
2.75556355989734 0.365075566926591 1.87344496368573 0.3765127001355 1.92641145644723
2.76184045572974 0.359866599140549 1.87572015691619 0.370690332942999 1.9287565219489
2.76811735156213 0.354657631354507 1.87796265399846 0.364853360813855 1.93106499510122
2.77439424739453 0.349448663568465 1.88017245493255 0.359002013720637 1.933336784952
2.78067114322693 0.344239695782423 1.88234955971844 0.353136522202275 1.93557180199431
2.78694803905933 0.339030727996381 1.88449396835615 0.347257117354984 1.93776995817008
2.79322493489172 0.33382176021034 1.88660568084567 0.341364030823151 1.9399311668735
2.79950183072412 0.328612792424298 1.88868469718701 0.335457494790213 1.94205534295448
2.80577872655652 0.323403824638256 1.89073101738015 0.329537741969506 1.94414240272198
2.81205562238892 0.318194856852214 1.89274464142511 0.323605005595102 1.94619226394734
2.81833251822132 0.312985889066172 1.89472556932189 0.317659519412612 1.94820484586747
2.82460941405371 0.30777692128013 1.89667380107047 0.311701517669981 1.95018006918806
2.83088630988611 0.302567953494088 1.89858933667087 0.305731235108261 1.95211785608672
2.83716320571851 0.297358985708046 1.90047217612308 0.299748906952355 1.95401813021602
2.84344010155091 0.292150017922004 1.9023223194271 0.293754768901759 1.95588081670649
2.8497169973833 0.286941050135962 1.90413976658294 0.287749057121266 1.95770584216962
2.8559938932157 0.281731992812287 1.90592451759056 0.281732008231669 1.95949313470069
2.8622707890481 0.275540080882346 1.907673486969 0.275703859300433 1.96124262388163
2.8685476848805 0.269348168952406 1.90938359036126 0.269664847832358 1.96295424078382
2.87482458071289 0.263156257022466 1.91105482776733 0.26361521176022 1.96462791797077
2.88110147654529 0.256964345092525 1.91268719918721 0.257555189435396 1.96626358950076
2.88737837237769 0.250772433162585 1.9142807046209 0.251485019618474 1.96786119092951
2.89365526821009 0.244580521232645 1.9158353440684 0.245404941469849 1.96942065931265
2.89993216404248 0.238388609302704 1.91735111752972 0.239315194540293 1.97094193320823
2.90620905987488 0.232196697372764 1.91882802500485 0.233216018761524 1.97242495267914
2.91248595570728 0.226004785442824 1.92026606649379 0.227107654436749 1.97386965929545
2.91876285153968 0.219812873512883 1.92166524199654 0.220990342231196 1.97527599613675
2.92503974737208 0.213620961582943 1.92302555151311 0.214864323162636 1.97664390779437
2.93131664320447 0.207429049653003 1.92434699504349 0.208729838591882 1.97797334037355
2.93759353903687 0.201237137723062 1.92562957258768 0.202587130213283 1.9792642414956
2.94387043486927 0.195045225793122 1.92687328414569 0.196436440045199 1.98051656029991
2.95014733070167 0.188853313863181 1.9280781297175 0.190278010420467 1.98173024744602
2.95642422653406 0.182661401933241 1.92924410930313 0.184112083976855 1.98290525511552
2.96270112236646 0.176469490003301 1.93037122290257 0.177938903647498 1.98404153701392
2.96897801819886 0.17027757807336 1.93145947051582 0.17175871265133 1.98513904837254
2.97525491403126 0.16408566614342 1.93250885214289 0.165571754483501 1.9861977459502
2.98153180986365 0.157893754213479 1.93351936778377 0.159378272905781 1.98721758803496
2.98780870569605 0.151701842283539 1.93449101743846 0.15317851193696 1.98819853444578
2.99408560152845 0.145509930353599 1.93542380110696 0.146972715843229 1.98914054653404
3.00036249736085 0.139318018423658 1.93631771878928 0.140761129128561 1.99004358718516
3.00663939319324 0.133126106493718 1.9371727704854 0.134543996525073 1.99090762081995
3.01291628902564 0.126934194563778 1.93798895619534 0.128321562983389 1.99173261339612
3.01919318485804 0.120742282633837 1.9387662759191 0.122094073662984 1.99251853240954
3.02547008069044 0.114550370703897 1.93950472965666 0.115861773922527 1.99326534689554
3.03174697652283 0.108358458773957 1.94020431740804 0.109624909310216 1.99397302743018
3.03802387235523 0.102166546844016 1.94086503917323 0.1033837255541 1.99464154613135
3.04430076818763 0.0959746349140757 1.94148689495223 0.0971384685524001 1.99527087665986
3.05057766402003 0.0897827229841356 1.94206988474504 0.0908893843638202 1.99586099422056
3.05685455985243 0.0835908110541951 1.94261400855167 0.0846367191978518 1.99641187556323
3.06313145568482 0.0773988991242546 1.94311926637211 0.0783807194050756 1.99692349898352
3.06940835151722 0.0712069871943141 1.94358565820636 0.0721216314674538 1.99739584432384
3.07568524734962 0.065015075264374 1.94401318405442 0.0658597019886197 1.99782889297413
3.08196214318202 0.0588231633344335 1.9444018439163 0.0595951776841599 1.99822262787256
3.08823903901441 0.052631251404493 1.94475163779199 0.0533283053718969 1.99857703350626
3.09451593484681 0.0464393394745529 1.94506256568149 0.0470593319621627 1.9988920959119
3.10079283067921 0.0402474275446124 1.9453346275848 0.0407885044480701 1.99916780267625
3.10706972651161 0.0340555156146719 1.94556782350193 0.0345160698957832 1.99940414293665
3.113346622344 0.0278636036847318 1.94576215343287 0.0282422754347827 1.99960110738147
3.1196235181764 0.0216716917547913 1.94591761737762 0.021967368248127 1.99975868825045
3.1259004140088 0.0154797798248508 1.94603421533618 0.0156915955627168 1.999876879335
3.1321773098412 0.00928786789491071 1.94611194730856 0.00941520463955254 1.99995567597849
3.13845420567359 0.0030959559649702 1.94615081329474 0.00313844276399167 1.99999507507638
3.14473110150599 -0.00309595596497031 1.94615081329474 -0.00313844276399187 1.99999507507638
3.15100799733839 -0.00928786789491037 1.94611194730856 -0.00941520463955229 1.99995567597849
3.15728489317079 -0.0154797798248509 1.94603421533618 -0.015691595562717 1.999876879335
3.16356178900319 -0.0216716917547914 1.94591761737762 -0.0219673682481272 1.99975868825045
3.16983868483558 -0.0278636036847319 1.94576215343287 -0.0282422754347829 1.99960110738147
3.17611558066798 -0.034055515614672 1.94556782350193 -0.0345160698957834 1.99940414293665
3.18239247650038 -0.0402474275446125 1.9453346275848 -0.0407885044480703 1.99916780267625
3.18866937233278 -0.046439339474553 1.94506256568149 -0.0470593319621629 1.9988920959119
3.19494626816517 -0.052631251404493 1.94475163779199 -0.0533283053718971 1.99857703350626
3.20122316399757 -0.0588231633344335 1.9444018439163 -0.0595951776841601 1.99822262787256
3.20750005982997 -0.0650150752643741 1.94401318405442 -0.0658597019886198 1.99782889297413
3.21377695566237 -0.0712069871943141 1.94358565820636 -0.072121631467454 1.99739584432384
3.22005385149476 -0.0773988991242546 1.94311926637211 -0.0783807194050758 1.99692349898352
3.22633074732716 -0.0835908110541951 1.94261400855167 -0.084636719197852 1.99641187556323
3.23260764315956 -0.0897827229841348 1.94206988474504 -0.0908893843638195 1.99586099422056
3.23888453899196 -0.0959746349140753 1.94148689495223 -0.0971384685523999 1.99527087665986
3.24516143482435 -0.102166546844016 1.94086503917323 -0.1033837255541 1.99464154613135
3.25143833065675 -0.108358458773956 1.94020431740804 -0.109624909310216 1.99397302743018
3.25771522648915 -0.114550370703896 1.93950472965666 -0.115861773922527 1.99326534689554
3.26399212232155 -0.120742282633837 1.9387662759191 -0.122094073662984 1.99251853240954
3.27026901815394 -0.126934194563777 1.93798895619534 -0.128321562983388 1.99173261339612
3.27654591398634 -0.133126106493717 1.9371727704854 -0.134543996525073 1.99090762081995
3.28282280981874 -0.139318018423658 1.93631771878928 -0.14076112912856 1.99004358718516
3.28909970565114 -0.145509930353598 1.93542380110696 -0.146972715843229 1.98914054653404
3.29537660148353 -0.151701842283539 1.93449101743846 -0.153178511936959 1.98819853444578
3.30165349731593 -0.157893754213479 1.93351936778377 -0.159378272905781 1.98721758803496
3.30793039314833 -0.16408566614342 1.93250885214289 -0.165571754483501 1.9861977459502
3.31420728898073 -0.17027757807336 1.93145947051582 -0.17175871265133 1.98513904837254
3.32048418481313 -0.1764694900033 1.93037122290257 -0.177938903647498 1.98404153701392
3.32676108064552 -0.182661401933241 1.92924410930313 -0.184112083976855 1.98290525511552
3.33303797647792 -0.188853313863181 1.9280781297175 -0.190278010420467 1.98173024744602
3.33931487231032 -0.195045225793121 1.92687328414569 -0.196436440045198 1.98051656029991
3.34559176814272 -0.201237137723062 1.92562957258768 -0.202587130213283 1.9792642414956
3.35186866397511 -0.207429049653002 1.92434699504349 -0.208729838591882 1.97797334037355
3.35814555980751 -0.213620961582942 1.92302555151311 -0.214864323162636 1.97664390779437
3.36442245563991 -0.219812873512883 1.92166524199654 -0.220990342231196 1.97527599613675
3.37069935147231 -0.226004785442823 1.92026606649379 -0.227107654436748 1.97386965929545
3.3769762473047 -0.232196697372763 1.91882802500485 -0.233216018761524 1.97242495267914
3.3832531431371 -0.238388609302704 1.91735111752972 -0.239315194540293 1.97094193320823
3.3895300389695 -0.244580521232644 1.9158353440684 -0.245404941469849 1.96942065931265
3.3958069348019 -0.250772433162585 1.9142807046209 -0.251485019618474 1.96786119092951
3.40208383063429 -0.256964345092525 1.91268719918721 -0.257555189435395 1.96626358950076
3.40836072646669 -0.263156257022466 1.91105482776733 -0.26361521176022 1.96462791797077
3.41463762229909 -0.269348168952406 1.90938359036126 -0.269664847832358 1.96295424078382
3.42091451813149 -0.275540080882346 1.907673486969 -0.275703859300433 1.96124262388163
3.42719141396389 -0.281731992812287 1.90592451759056 -0.281732008231669 1.95949313470069
3.43346830979628 -0.286941050135962 1.90413976658294 -0.287749057121266 1.95770584216962
3.43974520562868 -0.292150017922004 1.9023223194271 -0.293754768901758 1.95588081670649
3.44602210146108 -0.297358985708046 1.90047217612308 -0.299748906952355 1.95401813021602
3.45229899729348 -0.302567953494088 1.89858933667087 -0.30573123510826 1.95211785608672
3.45857589312587 -0.30777692128013 1.89667380107047 -0.311701517669981 1.95018006918806
3.46485278895827 -0.312985889066172 1.89472556932188 -0.317659519412611 1.94820484586747
3.47112968479067 -0.318194856852213 1.89274464142511 -0.323605005595101 1.94619226394734
3.47740658062307 -0.323403824638255 1.89073101738015 -0.329537741969506 1.94414240272198
3.48368347645546 -0.328612792424297 1.88868469718701 -0.335457494790212 1.94205534295448
3.48996037228786 -0.333821760210339 1.88660568084567 -0.341364030823151 1.9399311668735
3.49623726812026 -0.339030727996381 1.88449396835615 -0.347257117354984 1.93776995817008
3.50251416395266 -0.344239695782423 1.88234955971844 -0.353136522202275 1.93557180199431
3.50879105978505 -0.349448663568465 1.88017245493255 -0.359002013720637 1.933336784952
3.51506795561745 -0.354657631354507 1.87796265399846 -0.364853360813855 1.93106499510122
3.52134485144985 -0.359866599140549 1.87572015691619 -0.370690332942999 1.9287565219489
3.52762174728225 -0.365075566926591 1.87344496368573 -0.376512700135499 1.92641145644723
3.53389864311464 -0.370284534712632 1.87113707430709 -0.382320232994211 1.92402989099014
3.54017553894704 -0.375493502498674 1.86879648878025 -0.388112702706451 1.92161191940963
3.54645243477944 -0.380702470284716 1.86642320710523 -0.393889881053016 1.91915763697205
3.55272933061184 -0.385911438070758 1.86401722928203 -0.399651540417167 1.9166671403744
3.55900622644424 -0.3911204058568 1.86157855531063 -0.405397453793608 1.91414052774049
3.56528312227663 -0.396329373642842 1.85910718519105 -0.411127394797418 1.91157789861706
3.57156001810903 -0.401538341428883 1.85660311892328 -0.416841137672979 1.90897935396988
3.57783691394143 -0.406747309214925 1.85406635650733 -0.422538457302868 1.90634499617977
3.58411380977383 -0.411956277000967 1.85149689794318 -0.428219129216726 1.90367492903857
3.59039070560622 -0.417165244787009 1.84889474323085 -0.433882929600101 1.90096925774503
3.59666760143862 -0.422374212573051 1.84625989237033 -0.439529635303268 1.89822808890068
3.60294449727102 -0.427583180359093 1.84359234536163 -0.445159023850022 1.89545153050564
3.60922139310342 -0.432792148145135 1.84089210220473 -0.45077087344644 1.89263969195434
3.61549828893581 -0.438001115931177 1.83815916289965 -0.456364962989619 1.88979268403122
3.62177518476821 -0.443210083717219 1.83539352744639 -0.461941072076396 1.88691061890639
3.62805208060061 -0.448419051503261 1.83259519584493 -0.467498981012018 1.88399361013116
3.63432897643301 -0.453628019289302 1.82976416809529 -0.473038470818809 1.88104177263363
3.6406058722654 -0.458836987075344 1.82690044419746 -0.478559323244794 1.87805522271409
3.6468827680978 -0.464045954861386 1.82400402415144 -0.484061320772297 1.8750340780405
3.6531596639302 -0.469254922647428 1.82107490795724 -0.489544246626509 1.87197845764381
3.6594365597626 -0.47446389043347 1.81811309561485 -0.495007884784035 1.86888848191332
3.66571345559499 -0.479672858219512 1.81511858712427 -0.5004520199814 1.86576427259187
3.67199035142739 -0.484881826005553 1.8120913824855 -0.505876437723532 1.86260595277111
3.67826724725979 -0.490090793791595 1.80903148169855 -0.511280924292213 1.85941364688659
3.68454414309219 -0.495299761577637 1.80593888476341 -0.516665266754499 1.8561874807129
3.69082103892459 -0.500508729363679 1.80281359168008 -0.522029252971109 1.85292758135871
3.69709793475698 -0.505717697149721 1.79965560244857 -0.527372671604785 1.84963407726175
3.70337483058938 -0.510926664935763 1.79646491706886 -0.532695312128616 1.84630709818375
3.70965172642178 -0.516135632721805 1.79324153554097 -0.537996964834333 1.84294677520532
3.71592862225418 -0.521344600507847 1.7899854578649 -0.543277420840575 1.83955324072081
3.72220551808657 -0.526553568293889 1.78669668404063 -0.548536472101113 1.83612662843308
3.72848241391897 -0.531762536079931 1.78337521406818 -0.553773911413053 1.83266707334822
3.73475930975137 -0.536971503865972 1.78002104794754 -0.558989532424991 1.82917471177026
3.74103620558377 -0.542180471652014 1.77663418567872 -0.564183129645156 1.82564968129576
3.74731310141616 -0.547389439438056 1.7732146272617 -0.569354498449493 1.82209212080844
3.75358999724856 -0.552598407224098 1.7697623726965 -0.574503435089733 1.81850217047366
3.75986689308096 -0.55780737501014 1.76627742198311 -0.579629736701419 1.81487997173292
3.76614378891336 -0.563016342796182 1.76275977512154 -0.584733201311896 1.81122566729828
3.77242068474575 -0.568225310582223 1.75920943211177 -0.589813627848272 1.80753940114676
3.77869758057815 -0.573434278368266 1.75562639295382 -0.59487081614534 1.80382131851462
3.78497447641055 -0.578643246154307 1.75201065764769 -0.599904566953461 1.80007156589169
3.79125137224295 -0.583852213940349 1.74836222619336 -0.604914681946417 1.79629029101557
3.79752826807534 -0.589061181726391 1.74468109859085 -0.609900963729227 1.79247764286582
3.80380516390774 -0.594270149512433 1.74096727484015 -0.614863215845916 1.78863377165806
3.81008205974014 -0.599479117298475 1.73722075494126 -0.619801242787267 1.78475882883811
3.81635895557254 -0.604688085084517 1.73344153889419 -0.624714849998514 1.78085296707596
3.82263585140494 -0.609897052870559 1.72962962669893 -0.629603843887012 1.77691634025981
3.82891274723733 -0.6151060206566 1.72578501835548 -0.634468031829863 1.77294910348996
3.83518964306973 -0.620314988442642 1.72190771386385 -0.639307222181507 1.76895141307274
3.84146653890213 -0.625523956228684 1.71799771322402 -0.644121224281271 1.76492342651431
3.84774343473453 -0.630732924014726 1.71405501643601 -0.64890984846088 1.7608653025145
3.85402033056692 -0.635941891800768 1.71007962349981 -0.653672906051932 1.75677720096051
3.86029722639932 -0.64115085958681 1.70607153441543 -0.658410209393331 1.75265928292065
3.86657412223172 -0.646359827372852 1.70203074918286 -0.663121571838679 1.74851171063798
3.87285101806412 -0.651568795158894 1.6979572678021 -0.667806807763633 1.74433464752391
3.87912791389651 -0.656777762944936 1.69385109027315 -0.672465732573214 1.74012825815177
3.88540480972891 -0.661986730730977 1.68971221659602 -0.677098162709083 1.73589270825032
3.89168170556131 -0.667195698517019 1.6855406467707 -0.681703915656773 1.73162816469722
3.89795860139371 -0.672404666303061 1.68133638079719 -0.68628280995288 1.72733479551248
3.9042354972261 -0.677613634089103 1.67709941867549 -0.69083466519221 1.7230127698518
3.9105123930585 -0.682822601875145 1.67282976040561 -0.695359302034889 1.71866225799993
3.9167892888909 -0.688031569661187 1.66852740598754 -0.699856542213431 1.71428343136395
3.9230661847233 -0.693240537447229 1.66419235542128 -0.704326208539756 1.70987646246654
3.92934308055569 -0.69844950523327 1.65982460870683 -0.708768124912175 1.70544152493915
3.93561997638809 -0.703658473019312 1.6554241658442 -0.71318211632233 1.70097879351518
3.94189687222049 -0.708867440805354 1.65099102683338 -0.717568008862083 1.69648844402309
3.94817376805289 -0.714076408591396 1.64652519167437 -0.721925629730375 1.69197065337946
3.95445066388529 -0.719285376377438 1.64202666036718 -0.726254807240027 1.68742559958206
3.96072755971768 -0.72449434416348 1.6374954329118 -0.730555370824513 1.68285346170277
3.96700445555008 -0.729703311949522 1.63293150930823 -0.734827151044672 1.6782544198806
3.97328135138248 -0.734912279735564 1.62833488955647 -0.739069979595388 1.67362865531454
3.97955824721488 -0.740121247521606 1.62370557365653 -0.743283689312219 1.66897635025643
3.98583514304727 -0.745330215307648 1.6190435616084 -0.747468114177988 1.66429768800381
3.99211203887967 -0.750539183093689 1.61434885341208 -0.751623089329317 1.65959285289264
3.99838893471207 -0.755748150879731 1.60962144906757 -0.755748451063127 1.65486203029011
4.00466583054447 -0.75832108461062 1.60486961936966 -0.759844036843086 1.65010540658727
4.01094272637686 -0.760893297785502 1.60010164415697 -0.763909685306016 1.64532316919173
4.01721962220926 -0.763465510960385 1.59531752343012 -0.767945236268245 1.64051550652026
4.02349651804166 -0.766037724135268 1.59051725718912 -0.771950530731924 1.63568260799136
4.02977341387406 -0.76860993731015 1.58570084543395 -0.775925410891285 1.63082466401782
4.03605030970645 -0.771182150485033 1.58086828816463 -0.779869720138865 1.62594186599917
4.04232720553885 -0.773754363659916 1.57601958538115 -0.783783303071674 1.62103440631422
4.04860410137125 -0.776326576834799 1.57115473708352 -0.787666005497313 1.61610247831339
4.05488099720365 -0.778898790009681 1.56627374327173 -0.791517674440058 1.61114627631117
4.06115789303604 -0.781471003184564 1.56137660394578 -0.795338158146878 1.60616599557838
4.06743478886844 -0.784043216359447 1.55646331910567 -0.799127306093422 1.60116183233458
4.07371168470084 -0.786615429534329 1.5515338887514 -0.802884968989942 1.59613398374025
4.07998858053324 -0.789187642709212 1.54658831288298 -0.806610998787182 1.59108264788906
4.08626547636563 -0.791759855884095 1.5416265915004 -0.810305248682205 1.58600802380008
4.09254237219803 -0.794332069058977 1.53664872460367 -0.813967573124182 1.58091031140988
4.09881926803043 -0.79690428223386 1.53165471219277 -0.817597827820123 1.57578971156475
4.10509616386283 -0.799476495408743 1.52664455426772 -0.821195869740563 1.57064642601268
4.11137305969523 -0.802048708583626 1.52161825082851 -0.824761557125198 1.56548065739547
4.11764995552762 -0.804620921758509 1.51657580187514 -0.828294749488471 1.56029260924077
4.12392685136002 -0.807193134933391 1.51151720740762 -0.831795307625103 1.55508248595399
4.13020374719242 -0.809765348108274 1.50644246742593 -0.835263093615583 1.5498504928103
4.13648064302482 -0.812337561283157 1.50135158193009 -0.838697970831598 1.54459683594652
4.14275753885721 -0.814909774458039 1.4962445509201 -0.842099803941417 1.53932172235302
4.14903443468961 -0.817481987632922 1.49112137439594 -0.845468458915226 1.53402535986553
4.15531133052201 -0.820054200807805 1.48598205235763 -0.848803803030403 1.528707957157
4.16158822635441 -0.822626413982687 1.48082658480516 -0.852105704876752 1.52336972372931
4.1678651221868 -0.82519862715757 1.47565497173853 -0.855374034361679 1.51801086990509
4.1741420180192 -0.827770840332453 1.47046721315775 -0.858608662715315 1.51263160681938
4.1804189138516 -0.830343053507336 1.46526330906281 -0.861809462495594 1.50723214641134
4.186695809684 -0.832915266682218 1.46004325945371 -0.86497630759327 1.50181270141589
4.19297270551639 -0.835487479857101 1.45480706433045 -0.86810907323689 1.49637348535532
4.19924960134879 -0.838059693031984 1.44955472369304 -0.871207635997706 1.49091471253089
4.20552649718119 -0.840631906206867 1.44428623754147 -0.874271873794538 1.48543659801439
4.21180339301359 -0.843204119381749 1.43900160587574 -0.877301665898586 1.47993935763966
4.21808028884599 -0.845776332556632 1.43370082869585 -0.880296892938189 1.47442320799406
4.22435718467838 -0.848348545731514 1.42838390600181 -0.883257436903519 1.46888836640999
4.23063408051078 -0.850920758906397 1.42305083779361 -0.886183181151243 1.46333505095629
4.23691097634318 -0.85349297208128 1.41770162407125 -0.889074010409108 1.45776348042965
4.24318787217558 -0.856065185256163 1.41233626483473 -0.891929810780488 1.45217387434601
4.24946476800797 -0.858637398431045 1.40695476008406 -0.894750469748871 1.4465664529319
4.25574166384037 -0.861209611605928 1.40155710981923 -0.89753587618229 1.44094143711573
4.26201855967277 -0.863781824780811 1.39614331404024 -0.900285920337705 1.43529904851917
4.26829545550517 -0.866354037955694 1.39071337274709 -0.903000493865323 1.42963950944831
4.27457235133756 -0.868926251130576 1.38526728593979 -0.905679489812868 1.42396304288499
4.28084924716996 -0.871498464305459 1.37980505361833 -0.908322802629799 1.41826987247798
4.28712614300236 -0.874070677480342 1.37432667578271 -0.91093032817146 1.41256022253416
4.29340303883476 -0.876642890655225 1.36883215243293 -0.913501963703193 1.40683431800969
4.29967993466715 -0.879215103830107 1.363321483569 -0.916037607904378 1.40109238450116
4.30595683049955 -0.88178731700499 1.35779466919091 -0.918537160872429 1.39533464823668
4.31223372633195 -0.884359530179872 1.35225170929866 -0.921000524126728 1.38956133606698
4.31851062216435 -0.886931743354755 1.34669260389225 -0.923427600612509 1.38377267545648
4.32478751799674 -0.889503956529638 1.34111735297169 -0.925818294704676 1.3779688944743
4.33106441382914 -0.892076169704521 1.33552595653697 -0.928172512211574 1.37215022178531
4.33734130966154 -0.894648382879404 1.32991841458809 -0.930490160378701 1.36631688664109
4.34361820549394 -0.897220596054286 1.32429472712505 -0.93277114789236 1.36046911887091
4.34989510132633 -0.899792809229169 1.31865489414786 -0.935015384883258 1.35460714887268
4.35617199715873 -0.902365022404052 1.31299891565651 -0.937222782930046 1.34873120760388
4.36244889299113 -0.904937235578934 1.307326791651 -0.939393255062805 1.34284152657242
4.36872578882353 -0.907509448753817 1.30163852213134 -0.94152671576647 1.33693833782757
4.37500268465593 -0.9100816619287 1.29593410709751 -0.943623080984199 1.33102187395078
4.38127958048832 -0.912653875103582 1.29021354654953 -0.945682268120686 1.32509236804655
4.38755647632072 -0.915226088278465 1.2844768404874 -0.947704196045418 1.31915005373321
4.39383337215312 -0.917798301453348 1.2787239889111 -0.949688785095865 1.31319516513372
4.40011026798552 -0.920370514628231 1.27295499182065 -0.951635957080624 1.3072279368665
4.40638716381791 -0.922942727803113 1.26716984921604 -0.953545635282498 1.3012486040361
4.41266405965031 -0.925514940977996 1.26136856109727 -0.955417744461517 1.295257402224
4.41894095548271 -0.928087154152879 1.25555112746434 -0.957252210857906 1.28925456747932
4.42521785131511 -0.930659367327761 1.24971754831726 -0.959048962194987 1.2832403363095
4.4314947471475 -0.933231580502644 1.24386782365602 -0.960807927682031 1.27721494567098
4.4377716429799 -0.935803793677527 1.23800195348062 -0.962529038017041 1.27117863295988
4.4440485388123 -0.93837600685241 1.23211993779107 -0.96421222538949 1.26513163600266
4.4503254346447 -0.940948220027292 1.22622177658736 -0.965857423482988 1.25907419304671
4.4566023304771 -0.943520433202175 1.22030746986948 -0.967464567477893 1.253006542751
4.46287922630949 -0.946092646377058 1.21437701763746 -0.969033594053871 1.24692892417665
4.46915612214189 -0.948664859551941 1.20843041989127 -0.970564441392385 1.24084157677753
4.47543301797429 -0.951237072726823 1.20246767663093 -0.972057049179135 1.23474474039082
4.48170991380669 -0.953809285901706 1.19648878785643 -0.97351135860643 1.22863865522755
4.48798680963908 -0.956381499076589 1.19049375356777 -0.974927312375509 1.22252356186316
4.49426370547148 -0.958953712251472 1.18448257376496 -0.976304854698796 1.21639970122799
4.50054060130388 -0.961525925426354 1.17845524844799 -0.977643931302098 1.21026731459782
4.50681749713628 -0.964098138601237 1.17241177761686 -0.978944489426747 1.20412664358434
4.51309439296867 -0.966670351776119 1.16635216127157 -0.980206477831671 1.19797793012563
4.51937128880107 -0.969242564951002 1.16027639941212 -0.981429846795422 1.19182141647666
4.52564818463347 -0.971814778125885 1.15418449203852 -0.98261454811813 1.18565734519971
4.53192508046587 -0.974386991300768 1.14807643915076 -0.9837605351234 1.17948595915481
4.53820197629826 -0.97695920447565 1.14195224074885 -0.984867762660155 1.17330750149021
4.54447887213066 -0.979531417650533 1.13581189683277 -0.985936187104417 1.16712221563277
4.55075576796306 -0.982103630825416 1.12965540740254 -0.986965766361016 1.16093034527836
4.55703266379546 -0.984675844000299 1.12348277245815 -0.987956459865261 1.1547321343823
4.56330955962785 -0.987248057175181 1.1172939919996 -0.988908228584528 1.1485278271497
4.56958645546025 -0.989820270350064 1.1110890660269 -0.989821035019803 1.14231766802588
4.57586335129265 -0.988940642284602 1.10487882302983 -0.99069484320716 1.13610190168672
4.58214024712505 -0.98805944133969 1.09867411123706 -0.991529618719174 1.12988077302899
4.58841714295744 -0.987178240394778 1.09247493065082 -0.992325328666282 1.12365452716078
4.59469403878984 -0.986297039449866 1.08628128127112 -0.993081941698075 1.11742340939175
4.60097093462224 -0.985415838504955 1.08009316309796 -0.993799428004534 1.11118766522353
4.60724783045464 -0.984534637560043 1.07391057613134 -0.994477759317209 1.10494754034003
4.61352472628704 -0.983653436615131 1.06773352037126 -0.995116908910325 1.09870328059776
4.61980162211943 -0.982772235670219 1.06156199581772 -0.995716851601841 1.09245513201611
4.62607851795183 -0.981891034725307 1.05539600247071 -0.99627756375444 1.08620334076773
4.63235541378423 -0.981009833780395 1.04923554033024 -0.99679902327646 1.07994815316876
4.63863230961663 -0.980128632835483 1.04308060939632 -0.997281209622765 1.07368981566916
4.64490920544902 -0.979247431890571 1.03693120966893 -0.997724103795554 1.06742857484301
4.65118610128142 -0.978366230945659 1.03078734114808 -0.99812768834511 1.06116467737875
4.65746299711382 -0.977485030000748 1.02464900383376 -0.998491947370489 1.05489837006951
4.66373989294622 -0.976603829055836 1.01851619772599 -0.998816866520142 1.04862989980336
4.67001678877861 -0.975722628110924 1.01238892282476 -0.999102432992485 1.04235951355359
4.67629368461101 -0.974841427166012 1.00626717913006 -0.999348635536401 1.03608745836898
4.68257058044341 -0.9739602262211 1.0001509666419 -0.999555464451685 1.02981398136407
4.68884747627581 -0.973079025276188 0.994040285360283 -0.999722911589423 1.0235393297094
4.69512437210821 -0.972197824331276 0.987935135285202 -0.999850970352316 1.0172637506218
4.7014012679406 -0.971316623386364 0.981835516416662 -0.999939635694941 1.01098749135466
4.707678163773 -0.970435422441452 0.975741428754658 -0.999988904123945 1.00471079918813
4.7139550596054 -0.969554221496541 0.969652872299194 -0.999998773698188 0.998433921419454
4.7202319554378 -0.968673020551629 0.963569847050268 -0.999969244028814 0.992157105353164
4.72650885127019 -0.967791819606717 0.957492353007881 -0.999900316279273 0.98588059829137
4.73278574710259 -0.966910618661805 0.951420390172032 -0.999791993165268 0.979604647524005
4.73906264293499 -0.966029417716893 0.945353958542723 -0.999644278954654 0.973329500319089
4.74533953876739 -0.965148216771981 0.939293058119951 -0.999457179467266 0.967055403912973
4.75161643459978 -0.964267015827069 0.933237688903718 -0.999230702074691 0.960782605500617
4.75789333043218 -0.963385814882157 0.927187850894024 -0.998964855699978 0.954511352225835
4.76417022626458 -0.962504613937246 0.921143544090869 -0.998659650817286 0.948241891171567
4.77044712209698 -0.961623412992334 0.915104768494251 -0.998315099451472 0.941974469350137
4.77672401792937 -0.960742212047422 0.909071524104173 -0.997931215177614 0.93570933369353
4.78300091376177 -0.95986101110251 0.903043810920634 -0.997508013120483 0.929446731043653
4.78927780959417 -0.958979810157598 0.897021628943633 -0.997045509953938 0.923186908142617
4.79555470542657 -0.958098609212686 0.89100497817317 -0.996543723900278 0.91693011162301
4.80183160125896 -0.957217408267774 0.884993858609247 -0.996002674729518 0.910676587998187
4.80810849709136 -0.956336207322862 0.878988270251861 -0.995422383758612 0.904426583652548
4.81438539292376 -0.95545500637795 0.872988213101015 -0.994802873850612 0.898180344831842
4.82066228875616 -0.954573805433038 0.866993687156707 -0.994144169413772 0.891938117633455
4.82693918458855 -0.953692604488127 0.861004692418938 -0.993446296400579 0.885700147996717
4.83321608042095 -0.952811403543215 0.855021228887707 -0.992709282306736 0.879466681693215
4.83949297625335 -0.951930202598303 0.849043296563015 -0.991933156170077 0.87323796431711
4.84576987208575 -0.951049001653391 0.843070895444861 -0.991117948569421 0.867014241275453
4.85204676791815 -0.950167800708479 0.837104025533247 -0.99026369162337 0.860795757778528
4.85832366375054 -0.949286599763567 0.831142686828171 -0.989370418989045 0.854582758830181
4.86460055958294 -0.948405398818655 0.825186879329634 -0.988438165860754 0.84837548921817
4.87087745541534 -0.947524197873743 0.819236603037634 -0.987466968968609 0.842174193504522
4.87715435124774 -0.946642996928832 0.813291857952174 -0.986456866577082 0.8359791160159
4.88343124708013 -0.94576179598392 0.807352644073252 -0.98540789848349 0.829790500833968
4.88970814291253 -0.944880595039008 0.801418961400869 -0.984320106016435 0.823608591785783
4.89598503874493 -0.943999394094096 0.795490809935024 -0.983193532034169 0.817433632434185
4.90226193457733 -0.943118193149184 0.78956818967572 -0.982028220922909 0.811265866068201
4.90853883040972 -0.942236992204272 0.783651100622952 -0.980824218595088 0.805105535693455
4.91481572624212 -0.94135579125936 0.777739542776724 -0.979581572487545 0.798952884022605
4.92109262207452 -0.940474590314448 0.771833516137033 -0.978300331559657 0.792808153465768
4.92736951790692 -0.939593389369536 0.765933020703882 -0.97698054629141 0.78667158612098
4.93364641373932 -0.938712188424624 0.760038056477269 -0.975622268681408 0.780543423764647
4.93992330957171 -0.937830987479713 0.754148623457196 -0.974225552244827 0.774423907842029
4.94620020540411 -0.936949786534801 0.74826472164366 -0.972790452011306 0.768313279457716
4.95247710123651 -0.936068585589889 0.742386351036663 -0.971317024522779 0.762211779366144
4.95875399706891 -0.935187384644977 0.736513511636204 -0.969805327831244 0.756119647962094
4.9650308929013 -0.934306183700065 0.730646203442285 -0.968255421496482 0.75003712527123
4.9713077887337 -0.933424982755153 0.724784426454904 -0.966667366583703 0.74396445094064
4.9775846845661 -0.932543781810241 0.718928180674063 -0.965041225661149 0.737901864229393
4.9838615803985 -0.931662580865329 0.713077466099758 -0.963377062797618 0.73184960399911
4.99013847623089 -0.930781379920418 0.707232282731993 -0.961674943559951 0.725807908704562
4.99641537206329 -0.929900178975506 0.701392630570766 -0.959934935010438 0.719777016384263
5.00269226789569 -0.929018978030594 0.695558509616079 -0.958157105704187 0.713757164651103
5.00896916372809 -0.928137777085682 0.689729919867929 -0.956341525686411 0.707748590682974
5.01524605956048 -0.92725657614077 0.683906861326319 -0.954488266489679 0.70175153121344
5.02152295539288 -0.926375375195858 0.678089333991247 -0.95259740113109 0.695766222522396
5.02779985122528 -0.925494174250946 0.672277337862714 -0.950669004109401 0.689792900426765
5.03407674705768 -0.924612973306034 0.666470872940719 -0.948703151402089 0.683831800271209
5.04035364289007 -0.923731772361122 0.660669939225263 -0.946699920462359 0.677883156918855
5.04663053872247 -0.922850571416211 0.654874536716345 -0.944659390216091 0.671947204742036
5.05290743455487 -0.921969370471299 0.649084665413966 -0.942581641058732 0.666024177613068
5.05918433038727 -0.921088169526387 0.643300325318126 -0.940466754852128 0.660114308895023
5.06546122621966 -0.920206968581475 0.637521516428825 -0.938314814921298 0.654217831432546
5.07173812205206 -0.919325767636563 0.631748238746061 -0.93612590605115 0.648334977542672
5.07801501788446 -0.918444566691651 0.625980492269837 -0.933900114483146 0.642465979005681
5.08429191371686 -0.917563365746739 0.620218277000151 -0.931637527911897 0.636611067055957
5.09056880954926 -0.916682164801827 0.614461592937004 -0.929338235481711 0.630770472372888
5.09684570538165 -0.915800963856915 0.608710440080396 -0.927002327783082 0.624944425071768
5.10312260121405 -0.914919762912004 0.602964818430326 -0.92462989684912 0.619133154694735
5.10939949704645 -0.914038561967092 0.597224727986794 -0.922221036151924 0.613336890201726
5.11567639287885 -0.91315736102218 0.591490168749802 -0.919775840598899 0.60755585996146
5.12195328871124 -0.912276160077268 0.585761140719348 -0.917294406529018 0.601790291742433
5.12823018454364 -0.911394959132356 0.580037643895432 -0.914776831709028 0.596040412703953
5.13450708037604 -0.910513758187444 0.574319678278055 -0.912223215329593 0.59030644938718
5.14078397620844 -0.909632557242532 0.568607243867218 -0.909633658001391 0.584588627706212
5.14706087204083 -0.905579740887322 0.562910288265668 -0.907008261751146 0.578887172939171
5.15333776787323 -0.901524900896357 0.557238784468309 -0.904347130017613 0.57320230971934
5.15961466370563 -0.897470060905391 0.551592732479189 -0.901650367647497 0.567534262026303
5.16589155953803 -0.893415220914426 0.545972132298311 -0.898918080891325 0.561883253177128
5.17216845537043 -0.889360380923461 0.540376983925672 -0.896150377399262 0.55624950581756
5.17844535120282 -0.885305540932496 0.534807287361276 -0.893347366216867 0.550633241913259
5.18472224703522 -0.881250700941531 0.529263042605118 -0.890509157780793 0.545034682741043
5.19099914286762 -0.877195860950565 0.523744249657201 -0.887635863914443 0.53945404888018
5.19727603870001 -0.8731410209596 0.518250908517524 -0.884727597823563 0.533891560203693
5.20355293453241 -0.869086180968634 0.512783019186087 -0.881784474091776 0.528347435869697
5.20982983036481 -0.865031340977669 0.507340581662891 -0.878806608676075 0.522821894312766
5.21610672619721 -0.860976500986704 0.501923595947934 -0.875794118902246 0.517315153235324
5.2223836220296 -0.856921660995739 0.49653206204122 -0.872747123460256 0.511827429599071
5.228660517862 -0.852866821004773 0.491165979942744 -0.869665742399565 0.506358939616432
5.2349374136944 -0.848811981013808 0.48582534965251 -0.866550097124407 0.50090989874204
5.2412143095268 -0.844757141022843 0.480510171170514 -0.863400310388999 0.495480521664247
5.2474912053592 -0.840702301031877 0.47522044449676 -0.860216506292709 0.490071022296667
5.25376810119159 -0.836647461040912 0.469956169631246 -0.856998810275162 0.484681613769743
5.26004499702399 -0.832592621049947 0.464717346573973 -0.853747349111306 0.479312508422358
5.26632189285639 -0.828537781058982 0.45950397532494 -0.850462250906406 0.473963917793456
5.27259878868879 -0.824482941068016 0.454316055884147 -0.847143645091005 0.468636052613724
5.27887568452118 -0.820428101077051 0.449153588251594 -0.843791662415824 0.463329122797277
5.28515258035358 -0.816373261086086 0.444016572427282 -0.840406434946606 0.458043337433392
5.29142947618598 -0.81231842109512 0.438905008411209 -0.836988096058916 0.45277890477827
5.29770637201838 -0.808263581104155 0.433818896203379 -0.833536780432888 0.44753603224683
5.30398326785077 -0.80420874111319 0.428758235803787 -0.830052624047911 0.442314926404536
5.31026016368317 -0.800153901122225 0.423723027212436 -0.82653576417728 0.437115792959263
5.31653705951557 -0.796099061131259 0.418713270429325 -0.822986339382785 0.431938836753186
5.32281395534797 -0.792044221140294 0.413728965454455 -0.81940448950925 0.426784261754716
5.32909085118037 -0.787989381149328 0.408770112287825 -0.815790355679021 0.421652271050456
5.33536774701276 -0.783934541158363 0.403836710929435 -0.812144080286415 0.416543066837207
5.34164464284516 -0.779879701167398 0.398928761379286 -0.8084658069921 0.411456850413997
5.34792153867756 -0.775824861176433 0.394046263637378 -0.804755680717438 0.406393822174152
5.35419843450996 -0.771770021185467 0.389189217703709 -0.801013847638778 0.401354181597398
5.36047533034235 -0.767715181194502 0.38435762357828 -0.797240455181694 0.396338127242009
5.36675222617475 -0.763660341203536 0.379551481261092 -0.793435652015176 0.391345856736971
5.37302912200715 -0.759605501212571 0.374770790752145 -0.789599588045776 0.386377566774209
5.37930601783955 -0.755550661221606 0.370015552051437 -0.785732414411698 0.38143345310083
5.38558291367194 -0.751495821230641 0.365285765158971 -0.781834283476845 0.376513710511411
5.39185980950434 -0.747440981239675 0.360581430074744 -0.777905348824814 0.371618532840326
5.39813670533674 -0.74338614124871 0.355902546798757 -0.773945765252851 0.366748112954111
5.40441360116914 -0.739331301257744 0.351249115331011 -0.769955688765742 0.361902642743859
5.41069049700153 -0.735276461266779 0.346621135671506 -0.765935276569679 0.357082313117667
5.41696739283393 -0.731221621275814 0.34201860782024 -0.761884687066053 0.352287313993108
5.42324428866633 -0.727166781284849 0.337441531777216 -0.757804079845223 0.347517834289753
5.42952118449873 -0.723111941293883 0.33288990754243 -0.753693615680225 0.342774061921724
5.43579808033112 -0.719057101302918 0.328363735115886 -0.749553456520435 0.338056183790295
5.44207497616352 -0.715002261311952 0.323863014497582 -0.745383765485194 0.333364385776522
5.44835187199592 -0.710947421320987 0.319387745687518 -0.741184706857376 0.328698852733927
5.45462876782832 -0.706892581330022 0.314937928685695 -0.736956446076916 0.324059768481206
5.46090566366071 -0.702837741339057 0.310513563492112 -0.732699149734299 0.319447315794996
5.46718255949311 -0.698782901348091 0.306114650106769 -0.728412985563981 0.314861676402664
5.47345945532551 -0.694728061357126 0.301741188529667 -0.724098122437799 0.310303030975158
5.47973635115791 -0.69067322136616 0.297393178760805 -0.719754730358304 0.305771559119878
5.48601324699031 -0.686618381375195 0.293070620800183 -0.715382980452069 0.301267439373608
5.4922901428227 -0.68256354138423 0.288773514647801 -0.710983044962944 0.296790849195476
5.4985670386551 -0.678508701393265 0.284501860303661 -0.706555097245274 0.292341964959966
5.5048439344875 -0.674453861402299 0.28025565776776 -0.70209931175706 0.287920961949965
5.5111208303199 -0.670399021411334 0.2760349070401 -0.697615864053098 0.283528014349863
5.51739772615229 -0.666344181420369 0.271839608120679 -0.693104930778051 0.279163295238684
5.52367462198469 -0.662289341429404 0.2676697610095 -0.688566689659499 0.274826976583271
5.52995151781709 -0.658234501438438 0.26352536570656 -0.684001319500925 0.270519229231508
5.53622841364949 -0.654179661447473 0.259406422211861 -0.679409000174685 0.266240222905592
5.54250530948188 -0.650124821456508 0.255312930525402 -0.674789912614904 0.26199012619534
5.54878220531428 -0.646069981465542 0.251244890647184 -0.670144238810365 0.257769106551555
5.55505910114668 -0.642015141474577 0.247202302577206 -0.665472161797323 0.253577330279421
5.56133599697908 -0.637960301483612 0.243185166315468 -0.660773865652308 0.249414962531956
5.56761289281147 -0.633905461492646 0.23919348186197 -0.656049535484859 0.245282167303501
5.57388978864387 -0.629850621501681 0.235227249216713 -0.65129935743024 0.241179107423262
5.58016668447627 -0.625795781510716 0.231286468379697 -0.646523518642103 0.237105944548894
5.58644358030867 -0.621740941519751 0.22737113935092 -0.641722207285114 0.23306283916013
5.59272047614107 -0.617686101528785 0.223481262130384 -0.636895612527541 0.229049950552458
5.59899737197346 -0.61363126153782 0.219616836718088 -0.632043924533801 0.225067436830849
5.60527426780586 -0.609576421546854 0.215777863114033 -0.627167334456964 0.221115454903523
5.61155116363826 -0.605521581555889 0.211964341318218 -0.622266034431228 0.217194160475771
5.61782805947066 -0.601466741564924 0.208176271330643 -0.617340217564342 0.213303708043815
5.62410495530305 -0.597411901573959 0.204413653151309 -0.612390077930004 0.209444250888728
5.63038185113545 -0.593357061582993 0.200676486780214 -0.607415810560208 0.205615941070388
5.63665874696785 -0.589302221592028 0.19696477221736 -0.602417611437569 0.201818929421491
5.64293564280025 -0.585247381601062 0.193278509462747 -0.597395677487592 0.198053365541608
5.64921253863264 -0.581192541610097 0.189617698516374 -0.592350206570919 0.19431939779129
5.65548943446504 -0.577137701619132 0.185982339378241 -0.587281397475533 0.190617173286222
5.66176633029744 -0.573082861628167 0.182372432048349 -0.582189449908921 0.186946837891428
5.66804322612984 -0.569028021637201 0.178787976526696 -0.577074564490212 0.183308536215523
5.67432012196223 -0.564973181646236 0.175228972813284 -0.571936942742271 0.179702411605018
5.68059701779463 -0.56091834165527 0.171695420908113 -0.566776787083756 0.176128606138668
5.68687391362703 -0.556863501664305 0.168187320811182 -0.561594300821148 0.172587260621879
5.69315080945943 -0.552808661673339 0.16470467252249 -0.556389688140734 0.169078514581157
5.69942770529182 -0.548753821682375 0.16124747604204 -0.55116315410057 0.165602506258611
5.70570460112422 -0.544698981691409 0.15781573136983 -0.545914904622395 0.162159372606507
5.71198149695662 -0.540644141700444 0.15440943850586 -0.540645146483524 0.158749249281875
5.71825839278902 -0.534704592103575 0.15103450766377 -0.535354087308694 0.155372270641157
5.72453528862142 -0.528763496113558 0.147696868458361 -0.530041935561893 0.152028569734922
5.73081218445381 -0.52282240012354 0.144396520893612 -0.524708900538135 0.148718278302617
5.73708908028621 -0.516881304133524 0.141133464969523 -0.519355192355228 0.145441526767382
5.74336597611861 -0.510940208143505 0.137907700686092 -0.51398102194548 0.142198444230905
5.74964287195101 -0.504999112153488 0.134719228043322 -0.508586601047401 0.138989158468343
5.7559197677834 -0.49905801616347 0.13156804704121 -0.503172142197355 0.135813795923283
5.7621966636158 -0.493116920173453 0.128454157679759 -0.497737858721188 0.132672481702761
5.7684735594482 -0.487175824183435 0.125377559958967 -0.492283964725818 0.129565339572332
5.7747504552806 -0.481234728193417 0.122338253878835 -0.48681067509081 0.126492491951197
5.78102735111299 -0.4752936322034 0.119336239439363 -0.481318205459899 0.123454059907376
5.78730424694539 -0.469352536213383 0.11637151664055 -0.475806772232499 0.120450163152939
5.79358114277779 -0.463411440223365 0.113444085482397 -0.470276592555176 0.117480920039293
5.79985803861019 -0.457470344233347 0.110553945964903 -0.464727884313095 0.114546447552513
5.80613493444258 -0.451529248243329 0.107701098088069 -0.45916086612143 0.111646861308737
5.81241183027498 -0.445588152253312 0.104885541851895 -0.453575757316759 0.108782275549612
5.81868872610738 -0.439647056263295 0.10210727725638 -0.447972777948412 0.105952803137786
5.82496562193978 -0.433705960273278 0.0993663043015252 -0.442352148769809 0.10315855555247
5.83124251777217 -0.427764864283259 0.0966626229873295 -0.43671409122976 0.100399642885039
5.83751941360457 -0.421823768293242 0.0939962333137937 -0.431058827463741 0.0976761738347008
5.84379630943697 -0.415882672303224 0.0913671352809171 -0.425386580285138 0.0949882557042057
5.85007320526937 -0.409941576313207 0.0887753288887005 -0.419697573176475 0.0923359943956258
5.85635010110177 -0.404000480323189 0.0862208141371436 -0.413992030280604 0.0897194944061783
5.86262699693416 -0.398059384333172 0.0837035910262463 -0.408270176391875 0.0871388588241103
5.86890389276656 -0.392118288343154 0.0812236595560082 -0.402532236947278 0.0845941893246359
5.87518078859896 -0.386177192353137 0.0787810197264301 -0.396778438017567 0.0820855861659323
5.88145768443136 -0.380236096363119 0.0763756715375112 -0.391009006298343 0.0796131481851871
5.88773458026375 -0.374295000373101 0.0740076149892524 -0.385224169101133 0.0771769727947067
5.89401147609615 -0.368353904383083 0.0716768500816528 -0.379424154344425 0.0747771559780759
5.90028837192855 -0.362412808393067 0.0693833768147134 -0.373609190544696 0.0724137922863789
5.90656526776095 -0.356471712403049 0.0671271951884331 -0.367779506807399 0.0700869748344706
5.91284216359334 -0.350530616413031 0.0649083052028127 -0.361935332817947 0.0677967952973119
5.91911905942574 -0.344589520423013 0.0627267068578515 -0.356076898832657 0.0655433439063543
5.92539595525814 -0.338648424432996 0.0605824001535503 -0.35020443566968 0.0633267094459877
5.93167285109054 -0.332707328442978 0.0584753850899085 -0.344318174699906 0.0611469792500398
5.93794974692293 -0.326766232452961 0.0564056616669268 -0.338418347837851 0.0590042391983376
5.94422664275533 -0.320825136462943 0.0543732298846041 -0.332505187532513 0.0568985737133209
5.95050353858773 -0.314884040472926 0.0523780897429414 -0.326578926758223 0.0548300657567197
5.95678043442013 -0.308942944482908 0.050420241241938 -0.320639799005459 0.0527987968262822
5.96305733025252 -0.303001848492891 0.0484996843815945 -0.31468803827165 0.0508048469525666
5.96933422608492 -0.297060752502873 0.0466164191619103 -0.308723879051953 0.0488482946957856
5.97561112191732 -0.291119656512856 0.0447704455828863 -0.30274755633002 0.0469292171427134
5.98188801774972 -0.285178560522838 0.0429617636445213 -0.296759305568733 0.0450476899036457
5.98816491358212 -0.279237464532821 0.0411903733468163 -0.290759362700932 0.0432037871094244
5.99444180941451 -0.273296368542803 0.0394562746897706 -0.284747964120119 0.0413975814085135
6.00071870524691 -0.267355272552785 0.0377594676733847 -0.27872534667114 0.0396291439641389
6.00699560107931 -0.261414176562767 0.0360999522976583 -0.272691747640859 0.0378985444514834
6.01327249691171 -0.25547308057275 0.0344777285625917 -0.266647404748806 0.0362058510549431
6.0195493927441 -0.249531984582733 0.0328927964681847 -0.26059255613781 0.0345511304654388
6.0258262885765 -0.243590888592715 0.0313451560144373 -0.25452744036462 0.0329344478777902
6.0321031844089 -0.237649792602697 0.0298348072013493 -0.248452296390502 0.0313558669881462
6.0383800802413 -0.23170869661268 0.0283617500289212 -0.242367363571828 0.0298154499914766
6.04465697607369 -0.225767600622662 0.0269259844971524 -0.236272881650642 0.0283132575791198
6.05093387190609 -0.219826504632644 0.0255275106060435 -0.230169090745216 0.0268493489363938
6.05721076773849 -0.213885408642627 0.0241663283555942 -0.224056231340591 0.0254237817402624
6.06348766357089 -0.20794431265261 0.0228424377458045 -0.217934544279097 0.0240366121570635
6.06976455940328 -0.202003216662592 0.0215558387766742 -0.211804270750872 0.0226878948402964
6.07604145523568 -0.196062120672575 0.0203065314482038 -0.205665652284351 0.0213776829284689
6.08231835106808 -0.190121024682556 0.0190945157603928 -0.199518930736755 0.020106028043002
6.08859524690048 -0.184179928692539 0.0179197917132415 -0.193364348284562 0.0188729802861982
6.09487214273287 -0.178238832702522 0.0167823593067499 -0.187202147413961 0.0176785882392659
6.10114903856527 -0.172297736712505 0.0156822185409179 -0.181032570911305 0.0165228989604062
6.10742593439767 -0.166356640722486 0.0146193694157453 -0.174855861853537 0.0154059579829579
6.11370283023007 -0.160415544732469 0.0135938119312325 -0.168672263598623 0.0143278093136051
6.11997972606247 -0.154474448742451 0.0126055460873792 -0.162482019775953 0.0132884954306417
6.12625662189486 -0.148533352752434 0.0116545718841857 -0.156285374276754 0.0122880572822991
6.13253351772726 -0.142592256762416 0.0107408893216516 -0.150082571244469 0.0113265342851316
6.13881041355966 -0.136651160772399 0.00986449839977738 -0.143873855065146 0.0104039643224649
6.14508730939206 -0.130710064782381 0.00902539911856254 -0.137659470357805 0.00952038374290176
6.15136420522445 -0.124768968792364 0.00822359147800741 -0.131439661964805 0.00867582735889183
6.15764110105685 -0.118827872802346 0.00745907547811181 -0.125214674942192 0.00787032844535829
6.16391799688925 -0.112886776812328 0.00673185111887595 -0.118984754550046 0.00710391873838823
6.17019489272165 -0.10694568082231 0.00604191840029961 -0.112750146242821 0.00637662843398124
6.17647178855404 -0.101004584832294 0.00538927732238303 -0.106511095659669 0.00568848618686069
6.18274868438644 -0.0950634888422757 0.00477392788512593 -0.100267848614764 0.00503951910934342
6.18902558021884 -0.0891223928522584 0.00419587008852845 -0.0940206510876215 0.00442975277027302
6.19530247605124 -0.0831812968622403 0.00365510393259055 -0.0877697492133979 0.00385921119401134
6.20157937188363 -0.077240200872223 0.0031516294173124 -0.0815153892732033 0.00332791685949274
6.20785626771603 -0.0712991048822049 0.00268544654269373 -0.0752578176843888 0.00283589069933765
6.21413316354843 -0.0653580088921876 0.00225655530873478 -0.0689972809908462 0.0023831520990284
6.22041005938083 -0.0594169129021703 0.00186495571543543 -0.0627340258532873 0.00196971889614539
6.22668695521322 -0.053475816912153 0.00151064776279569 -0.0564682990395298 0.00159560737966391
6.23296385104562 -0.047534720922135 0.0011936314508155 -0.0502003474147727 0.00126083228931284
6.23924074687802 -0.0415936249321177 0.000913906779494988 -0.0439304179318737 0.000965406814993797
6.24551764271042 -0.0356525289420996 0.000671473748834056 -0.037658757621613 0.000709342596261098
6.25179453854282 -0.0297114329520822 0.000466332358832811 -0.0313856135829678 0.000492649721863914
6.25807143437521 -0.023770336962065 0.000298482609491085 -0.0251112329733707 0.000315336729347915
6.26434833020761 -0.0178292409720477 0.000167924500809019 -0.0188358629989749 0.00017741060471943
6.27062522604001 -0.0118881449820296 7.46580327865842E-05 -0.0125597509049131 7.8876782170112E-05
6.27690212187241 -0.00594704899201226 1.86832054237807E-05 -0.00628314396555969 1.97391438628847E-05
