0 1 1.9123968946588 0
0.00628318530717959 1.01198981194622 1.90407878130774 0.0063208797778038
0.0125663706143592 1.02392735964485 1.89576066795669 0.0127169295728877
0.0188495559215388 1.03581264309589 1.88744255460563 0.019187820999299
0.0251327412287183 1.04764566229934 1.87912444125457 0.0257332256710854
0.0314159265358979 1.0594264172552 1.87080632790352 0.0323528152022941
0.0376991118430775 1.07115490796346 1.86248821455246 0.0390462612069727
0.0439822971502571 1.08283113442414 1.8541701012014 0.0458132352991686
0.0502654824574367 1.09445509663722 1.84585198785035 0.0526534090929292
0.0565486677646163 1.10602679460272 1.83753387449929 0.059566454202302
0.0628318530717959 1.11754622832062 1.82921576114824 0.0665520422413345
0.0691150383789754 1.12901339779093 1.82089764779718 0.073609844824074
0.075398223686155 1.14042830301365 1.81257953444612 0.080739533564568
0.0816814089933346 1.15179094398878 1.80426142109507 0.0879407800768641
0.0879645943005142 1.16310132071632 1.79594330774401 0.0952132559750095
0.0942477796076938 1.17435943319627 1.78762519439295 0.102556632873052
0.100530964914873 1.18556528142863 1.7793070810419 0.109970582385039
0.106814150222053 1.1967188654134 1.77098896769084 0.117454776125017
0.113097335529233 1.20782018515058 1.76267085433979 0.125008885707035
0.119380520836412 1.21886924064016 1.75435274098873 0.132632582745139
0.125663706143592 1.22986603188216 1.74603462763767 0.140325538853377
0.131946891450771 1.24081055887656 1.73771651428662 0.148087425645797
0.138230076757951 1.25170282162338 1.72939840093556 0.155917914736446
0.14451326206513 1.2625428201226 1.72108028758451 0.163816677739371
0.15079644737231 1.27333055437423 1.71276217423345 0.171783386268621
0.15707963267949 1.28406602437827 1.70444406088239 0.179817711938241
0.163362817986669 1.29474923013472 1.69612594753134 0.187919326362281
0.169646003293849 1.30538017164358 1.68780783418028 0.196087901154786
0.175929188601028 1.31595884890485 1.67948972082922 0.204323107929805
0.182212373908208 1.32648526191853 1.67117160747817 0.212624618301386
0.188495559215388 1.33695941068462 1.66285349412711 0.220992103883575
0.194778744522567 1.34738129520311 1.65453538077606 0.22942523629042
0.201061929829747 1.35775091547402 1.646217267425 0.237923687135968
0.207345115136926 1.36806827149733 1.63789915407394 0.246487128034268
0.213628300444106 1.37833336327306 1.62958104072289 0.255115230599365
0.219911485751286 1.38854619080119 1.62126292737183 0.263807666445309
0.226194671058465 1.39870675408173 1.61294481402077 0.272564107186145
0.232477856365645 1.40881505311468 1.60462670066972 0.281384224435923
0.238761041672824 1.41887108790004 1.59630858731866 0.290267689808689
0.245044226980004 1.42887485843781 1.58799047396761 0.29921417491849
0.251327412287183 1.43882636472799 1.57967236061655 0.308223351379374
0.257610597594363 1.44872560677058 1.57135424726549 0.317294890805388
0.263893782901543 1.45857258456558 1.56303613391444 0.326428464810581
0.270176968208722 1.46836729811298 1.55471802056338 0.335623745008999
0.276460153515902 1.4781097474128 1.54639990721233 0.34488040301469
0.282743338823081 1.48779993246503 1.53808179386127 0.354198110441701
0.289026524130261 1.49743785326966 1.52976368051021 0.36357653890408
0.295309709437441 1.5070235098267 1.52144556715916 0.373015360015874
0.30159289474462 1.51655690213616 1.5131274538081 0.38251424539113
0.3078760800518 1.52603803019802 1.50480934045704 0.392072866643897
0.314159265358979 1.53546689401229 1.49649122710599 0.401690895388221
0.320442450666159 1.54484349357897 1.48817311375493 0.41136800323815
0.326725635973339 1.55416782889806 1.47985500040388 0.421103861807732
0.333008821280518 1.56342927957116 1.46236103301496 0.430898134516109
0.339292006587698 1.57251318864422 1.42913703013255 0.440750097638923
0.345575191894877 1.58138834515051 1.39591302725015 0.450658480830227
0.351858377202057 1.59005474909005 1.36268902436775 0.460621972458959
0.358141562509236 1.59851240046284 1.32946502148535 0.470639260894061
0.364424747816416 1.60676129926887 1.29624101860295 0.480709034504471
0.370707933123596 1.61480144550814 1.26301701572055 0.490829981659129
0.376991118430775 1.62263283918065 1.22979301283815 0.501000790726975
0.383274303737955 1.63025548028641 1.19656900995575 0.51122015007695
0.389557489045134 1.63766936882541 1.16334500707335 0.521486748077991
0.395840674352314 1.64487450479766 1.13012100419095 0.53179927309904
0.402123859659494 1.65187088820315 1.09689700130855 0.542156413509036
0.408407044966673 1.65865851904188 1.06367299842615 0.552556857676918
0.414690230273853 1.66523739731386 1.03044899554374 0.562999293971627
0.420973415581032 1.67160752301908 0.997224992661344 0.573482410762101
0.427256600888212 1.67776889615754 0.964000989778943 0.584004896417282
0.433539786195391 1.68372151672925 0.930776986896542 0.594565439306108
0.439822971502571 1.6894653847342 0.897552984014141 0.605162727797519
0.446106156809751 1.6950005001724 0.86432898113174 0.615795450260455
0.45238934211693 1.70032686304383 0.831104978249339 0.626462295063856
0.45867252742411 1.70544447334852 0.797880975366939 0.637161950576661
0.464955712731289 1.71035333108644 0.764656972484537 0.647893105167811
0.471238898038469 1.71505343625761 0.731432969602137 0.658654447206244
0.477522083345649 1.71954478886202 0.698208966719736 0.669444665060901
0.483805268652828 1.72382738889968 0.664984963837335 0.680262447100721
0.490088453960008 1.72790123637058 0.631760960954934 0.691106481694644
0.496371639267187 1.73176633127472 0.598536958072533 0.70197545721161
0.502654824574367 1.73542267361211 0.565312955190132 0.712868062020558
0.508938009881546 1.73887026338274 0.532088952307732 0.723782984490428
0.515221195188726 1.74210910058661 0.498864949425331 0.73471891299016
0.521504380495906 1.74513918522373 0.465640946542929 0.745674535888694
0.527787565803085 1.74796051729409 0.432416943660529 0.756648541554969
0.534070751110265 1.7505730967977 0.399192940778128 0.767639618357925
0.540353936417444 1.75297692373455 0.365968937895727 0.778646454666502
0.546637121724624 1.75517199810464 0.332744935013327 0.789667738849639
0.552920307031804 1.75715831990798 0.299520932130926 0.800702159276276
0.559203492338983 1.75893588914456 0.266296929248524 0.811748404315354
0.565486677646163 1.76050470581438 0.233072926366124 0.822805162335811
0.571769862953342 1.76186476991745 0.199848923483723 0.833871121706587
0.578053048260522 1.76301608145376 0.166624920601322 0.844944970796623
0.584336233567701 1.76395864042331 0.133400917718921 0.856025397974857
0.590619418874881 1.76469244682611 0.10017691483652 0.86711109161023
0.596902604182061 1.76521750066215 0.0669529119541191 0.878200740071681
0.60318578948924 1.76553380193143 0.0337289090717185 0.88929303172815
0.60946897479642 1.76564135063396 0.000504906189317977 0.900386654948576
0.615752160103599 1.76554014676973 -0.0327190966930831 0.9114802981019
0.622035345410779 1.76523019033875 -0.0659430995754843 0.922572649557062
0.628318530717959 1.76471148134101 -0.0991671024578848 0.933662397683
0.634601716025138 1.76398401977651 -0.132391105340286 0.944748230848654
0.640884901332318 1.76304780564526 -0.165615108222687 0.955828837422965
0.647168086639497 1.76190283894725 -0.198839111105087 0.966902905774871
0.653451271946677 1.76054911968248 -0.232063113987489 0.977969124273314
0.659734457253857 1.75898664785096 -0.265287116869889 0.989026181287232
0.666017642561036 1.75723187409455 -0.291404574260982 1.00007279057283
0.672300827868216 1.75532684826823 -0.314983979690894 1.01110789682344
0.678584013175395 1.75327366866817 -0.338563385120805 1.02213056800496
0.684867198482575 1.75107233529435 -0.362142790550716 1.03313987323978
0.691150383789755 1.74872284814679 -0.385722195980628 1.04413488165029
0.697433569096934 1.74622520722548 -0.409301601410539 1.05511466235886
0.703716754404114 1.74357941253041 -0.432881006840451 1.06607828448788
0.709999939711293 1.7407854640616 -0.456460412270362 1.07702481715974
0.716283125018473 1.73784336181904 -0.480039817700274 1.08795332949683
0.722566310325652 1.73475310580273 -0.503619223130185 1.09886289062153
0.728849495632832 1.73151469601267 -0.527198628560097 1.10975256965622
0.735132680940012 1.72812813244886 -0.550778033990008 1.12062143572329
0.741415866247191 1.72459341511131 -0.574357439419919 1.13146855794513
0.747699051554371 1.720910544 -0.597936844849831 1.14229300544413
0.75398223686155 1.71707951911494 -0.621516250279742 1.15309384734266
0.76026542216873 1.71310034045614 -0.645095655709654 1.16387015276311
0.76654860747591 1.70897300802358 -0.668675061139565 1.17462099082788
0.772831792783089 1.70469752181728 -0.692254466569477 1.18534543065933
0.779114978090269 1.70027388183722 -0.715833871999388 1.19604254137987
0.785398163397448 1.69570208808342 -0.739413277429299 1.20671139211188
0.791681348704628 1.69098214055587 -0.762992682859211 1.21735105197773
0.797964534011807 1.68611403925457 -0.786572088289122 1.22796059009983
0.804247719318987 1.68109778417952 -0.810151493719034 1.23853907560054
0.810530904626167 1.67593337533072 -0.833730899148945 1.24908557760227
0.816814089933346 1.67062081270817 -0.857310304578856 1.25959916522738
0.823097275240526 1.66516009631187 -0.880889710008768 1.27007890759828
0.829380460547705 1.65955122614182 -0.90446911543868 1.28052387383734
0.835663645854885 1.65379420219803 -0.928048520868591 1.29093313306696
0.841946831162065 1.64788902448048 -0.951627926298502 1.3013057544095
0.848230016469244 1.64183569298919 -0.975207331728414 1.31164080698737
0.854513201776424 1.63563420772414 -0.998786737158326 1.32193735992295
0.860796387083603 1.62928456868535 -1.02236614258824 1.33219448233862
0.867079572390783 1.6227867758728 -1.04594554801815 1.34241124335677
0.873362757697962 1.61614082928651 -1.06952495344806 1.35258671209978
0.879645943005142 1.60934672892647 -1.09310435887797 1.36271995769004
0.885929128312322 1.60240447479268 -1.11668376430788 1.37281004924994
0.892212313619501 1.59531406688514 -1.14026316973779 1.38285605590186
0.898495498926681 1.58807550520385 -1.16384257516771 1.39285704676818
0.90477868423386 1.58068878974881 -1.18742198059762 1.4028120909713
0.91106186954104 1.57315392052003 -1.21100138602753 1.41272025763359
0.91734505484822 1.56547089751749 -1.23458079145744 1.42258061587745
0.923628240155399 1.5576397207412 -1.25816019688735 1.43239223482525
0.929911425462579 1.54966039019117 -1.28173960231726 1.44215418359939
0.936194610769758 1.54153290586738 -1.30531900774717 1.45186553132225
0.942477796076938 1.53325726776985 -1.32889841317709 1.46152534711621
0.948760981384117 1.52483347589857 -1.352477818607 1.47113270010366
0.955044166691297 1.51626153025353 -1.37605722403691 1.48068665940699
0.961327351998477 1.50754143083475 -1.39963662946682 1.49018629414859
0.967610537305656 1.49867317764222 -1.42321603489673 1.49963067345083
0.973893722612836 1.48965677067594 -1.44679544032664 1.5090188664361
0.980176907920015 1.48049220993591 -1.47037484575655 1.51834994222679
0.986460093227195 1.47117949542213 -1.49395425118646 1.52762296994529
0.992743278534375 1.46171848685041 -1.51795786815545 1.53683701868305
0.999026463841554 1.4520941387408 -1.5455672832065 1.54599112185288
1.00530964914873 1.44229631556021 -1.57317669825756 1.55508420847206
1.01159283445591 1.43232501730862 -1.60078611330861 1.56411518856459
1.01787601976309 1.42218024398605 -1.62839552835967 1.57308297215444
1.02415920507027 1.41186199559249 -1.65600494341073 1.5819864692656
1.03044239037745 1.40137027212794 -1.68361435846178 1.59082458992205
1.03672557568463 1.3907050735924 -1.71122377351284 1.59959624414777
1.04300876099181 1.37986639998588 -1.7388331885639 1.60830034196674
1.04929194629899 1.36885425130836 -1.76644260361495 1.61693579340295
1.05557513160617 1.35766862755986 -1.79405201866601 1.62550150848038
1.06185831691335 1.34630952874037 -1.82166143371707 1.63399639722302
1.06814150222053 1.33477695484988 -1.84927084876812 1.64241936965484
1.07442468752771 1.32307090588842 -1.87688026381918 1.65076933579983
1.08070787283489 1.31119138185596 -1.90448967887023 1.65904520568197
1.08699105814207 1.29913838275251 -1.93209909392129 1.66724588932525
1.09327424344925 1.28691190857807 -1.95970850897235 1.67537029675364
1.09955742875643 1.27451195933265 -1.9873179240234 1.68341733799113
1.10584061406361 1.26193853501624 -2.01492733907446 1.69138592306171
1.11212379937079 1.24919163562884 -2.04253675412552 1.69927496198935
1.11840698467797 1.23627126117045 -2.07014616917657 1.70708336479804
1.12469016998515 1.22317741164107 -2.09775558422763 1.71481004151176
1.13097335529233 1.2099100870407 -2.12536499927869 1.72245390215449
1.13725654059951 1.19646928736934 -2.15297441432974 1.73001385675022
1.14353972590668 1.182855012627 -2.1805838293808 1.73748881532293
1.14982291121386 1.16906726281367 -2.20819324443185 1.74487768789661
1.15610609652104 1.15510603792934 -2.23580265948291 1.75217938449523
1.16238928182822 1.14097133797403 -2.26341207453397 1.75939281514277
1.1686724671354 1.12666316294774 -2.29102148958502 1.76651688986323
1.17495565244258 1.11218151285045 -2.31863090463608 1.77355051868058
1.18123883774976 1.09752638768217 -2.34624031968714 1.78049261161881
1.18752202305694 1.08269778744291 -2.37384973473819 1.7873420787019
1.19380520836412 1.06769571213265 -2.40145914978925 1.79409782995382
1.2000883936713 1.05252016175141 -2.42906856484031 1.80075877539858
1.20637157897848 1.03717113629918 -2.45667797989136 1.80732382506014
1.21265476428566 1.02164863577596 -2.48428739494242 1.81379188896249
1.21893794959284 1.00595266018175 -2.51189680999347 1.82016187712961
1.22522113490002 0.990083209516556 -2.53950622504453 1.8264326995855
1.2315043202072 0.974040283780371 -2.56711564009559 1.83260326635411
1.23778750551438 0.957823882973198 -2.59472505514664 1.83867248745946
1.24407069082156 0.941434007095035 -2.6223344701977 1.8446392729255
1.25035387612874 0.924870656145883 -2.64994388524876 1.85050253277623
1.25663706143592 0.908133830125744 -2.67755330029981 1.85626117703564
1.2629202467431 0.891223529034616 -2.70516271535087 1.86191411572769
1.26920343205028 0.874139752872499 -2.73277213040193 1.86746025887638
1.27548661735746 0.856882501639394 -2.76038154545298 1.87289851650569
1.28176980266464 0.839451775335299 -2.78799096050404 1.8782277986396
1.28805298797182 0.821847573960216 -2.8156003755551 1.8834470153021
1.29433617327899 0.804069897514145 -2.84320979060615 1.88855507651716
1.30061935858617 0.786118745997085 -2.87081920565721 1.89355089230877
1.30690254389335 0.767994119409036 -2.89842862070827 1.89843337270092
1.31318572920053 0.749696017749999 -2.92603803575932 1.90320142771758
1.31946891450771 0.731224441019973 -2.95364745081038 1.90785396738273
1.32575209981489 0.712599900213231 -2.96747373332829 1.91238992206896
1.33203528512207 0.693959388513746 -2.9659854241427 1.91680875350092
1.33831847042925 0.675328228136667 -2.96449711495712 1.9211104925217
1.34460165573643 0.656706419081996 -2.96300880577154 1.92529519788739
1.35088484104361 0.638093961349733 -2.96152049658595 1.92936292835408
1.35716802635079 0.619490854939876 -2.96003218740037 1.93331374267786
1.36345121165797 0.600897099852427 -2.95854387821478 1.93714769961482
1.36973439696515 0.582312696087386 -2.9570555690292 1.94086485792106
1.37601758227233 0.563737643644751 -2.95556725984362 1.94446527635267
1.38230076757951 0.545171942524524 -2.95407895065803 1.94794901366573
1.38858395288669 0.526615592726705 -2.95259064147245 1.95131612861634
1.39486713819387 0.508068594251293 -2.95110233228686 1.9545666799606
1.40115032350105 0.489530947098288 -2.94961402310128 1.95770072645459
1.40743350880823 0.471002651267692 -2.9481257139157 1.9607183268544
1.41371669411541 0.452483706759502 -2.94663740473011 1.96361953991612
1.41999987942259 0.43397411357372 -2.94514909554453 1.96640442439586
1.42628306472977 0.415473871710345 -2.94366078635894 1.96907303904969
1.43256625003695 0.396982981169377 -2.94217247717336 1.97162544263372
1.43884943534413 0.378501441950817 -2.94068416798777 1.97406169390403
1.4451326206513 0.360029254054664 -2.93919585880219 1.97638185161671
1.45141580595848 0.341566417480919 -2.93770754961661 1.97858597452785
1.45769899126566 0.323112932229581 -2.93621924043102 1.98067412139355
1.46398217657284 0.304668798300651 -2.93473093124544 1.9826463509699
1.47026536188002 0.286234015694127 -2.93324262205985 1.98450272201299
1.4765485471872 0.267808584410012 -2.93175431287427 1.98624329327892
1.48283173249438 0.249392504448304 -2.93026600368869 1.98786812352376
1.48911491780156 0.230985775809003 -2.9287776945031 1.98937727150362
1.49539810310874 0.212588398492109 -2.92728938531752 1.99077079597459
1.50168128841592 0.194200372497624 -2.92580107613193 1.99204875569275
1.5079644737231 0.175821697825545 -2.92431276694635 1.9932112094142
1.51424765903028 0.157452374475873 -2.92282445776077 1.99425821589504
1.52053084433746 0.139092402448609 -2.92133614857518 1.99518983389134
1.52681402964464 0.120741781743752 -2.9198478393896 1.99600612215921
1.53309721495182 0.102400512361303 -2.91835953020401 1.99670713945474
1.539380400259 0.0840685943012621 -2.91687122101843 1.99729294453401
1.54566358556618 0.0657460275636277 -2.91538291183285 1.99776359615312
1.55194677087336 0.0474328121484007 -2.91389460264726 1.99811915306816
1.55822995618054 0.0291289480555816 -2.91240629346168 1.99835967403522
1.56451314148772 0.0108344352851694 -2.91091798427609 1.99848521781039
1.5707963267949 -0.00745072616283538 -2.90942967509051 1.99849584314977
1.57707951210208 -0.0257265362884328 -2.90794136590493 1.99839160880945
1.58336269740926 -0.0439929950916228 -2.90645305671934 1.99817257354551
1.58964588271644 -0.0622501025724054 -2.90496474753376 1.99783879611406
1.59592906802361 -0.08049785873078 -2.90347643834817 1.99739033527117
1.60221225333079 -0.0987362635667478 -2.90198812916259 1.99682724977295
1.60849543863797 -0.116965317080308 -2.900499819977 1.99614959837548
1.61477862394515 -0.135185019271461 -2.89901151079142 1.99535743983485
1.62106180925233 -0.153395370140206 -2.89752320160584 1.99445083290717
1.62734499455951 -0.171596369686544 -2.89603489242025 1.99342983634851
1.63362817986669 -0.189788017910475 -2.89454658323467 1.99229450891497
1.63991136517387 -0.207970314811998 -2.89305827404908 1.99104490936264
1.64619455048105 -0.226143260391115 -2.8915699648635 1.98968109644762
1.65247773578823 -0.244306854647822 -2.89008165567792 1.98820312892599
1.65876092109541 -0.262447668468224 -2.88351723557839 1.9866110892388
1.66504410640259 -0.280541728785708 -2.8760010446825 1.98490521301013
1.67132729170977 -0.298588563482988 -2.86848485378661 1.98308579681119
1.67761047701695 -0.316588172560066 -2.86096866289073 1.9811531373693
1.68389366232413 -0.334540556016941 -2.85345247199484 1.97910753141178
1.69017684763131 -0.352445713853612 -2.84593628109895 1.97694927566597
1.69646003293849 -0.370303646070081 -2.83842009020306 1.97467866685917
1.70274321824567 -0.388114352666347 -2.83090389930717 1.97229600171871
1.70902640355285 -0.40587783364241 -2.82338770841128 1.96980157697192
1.71530958886003 -0.42359408899827 -2.81587151751539 1.96719568934611
1.72159277416721 -0.441263118733926 -2.80835532661951 1.96447863556862
1.72787595947439 -0.45888492284938 -2.80083913572362 1.96165071236676
1.73415914478157 -0.47645950134463 -2.79332294482773 1.95871221646786
1.74044233008875 -0.493986854219678 -2.78580675393184 1.95566344459924
1.74672551539592 -0.511466981474523 -2.77829056303595 1.95250469348822
1.7530087007031 -0.528899883109164 -2.77077437214006 1.94923625986213
1.75929188601028 -0.546285559123603 -2.76325818124417 1.94585844044829
1.76557507131746 -0.563624009517838 -2.75574199034829 1.94237153197402
1.77185825662464 -0.580915234291871 -2.7482257994524 1.93877583116664
1.77814144193182 -0.598159233445702 -2.74070960855651 1.93507163475349
1.784424627239 -0.615356006979328 -2.73319341766062 1.93125923946187
1.79070781254618 -0.632505554892752 -2.72567722676473 1.92733894201912
1.79699099785336 -0.649607877185972 -2.71816103586884 1.92331103915256
1.80327418316054 -0.66666297385899 -2.71064484497295 1.9191758275895
1.80955736846772 -0.683670844911805 -2.70312865407706 1.91493360405728
1.8158405537749 -0.700631490344416 -2.69561246318118 1.91058466528322
1.82212373908208 -0.717544910156824 -2.68809627228529 1.90612930799463
1.82840692438926 -0.73441110434903 -2.6805800813894 1.90156782891885
1.83469010969644 -0.751230072921033 -2.67306389049351 1.89690052478319
1.84097329500362 -0.768001815872832 -2.66554769959762 1.89212769231498
1.8472564803108 -0.78472633320443 -2.65803150870173 1.88724962824154
1.85353966561798 -0.801403624915823 -2.65051531780584 1.88226662929019
1.85982285092516 -0.818033691007013 -2.64299912690996 1.87717899218826
1.86610603623234 -0.834616531478001 -2.63548293601407 1.87198701366307
1.87238922153952 -0.851152146328786 -2.62796674511818 1.86669099044194
1.8786724068467 -0.867640535559367 -2.62045055422229 1.8612912192522
1.88495559215388 -0.884081699169746 -2.6129343633264 1.85578799682117
1.89123877746106 -0.900475637159922 -2.60541817243051 1.85018161987617
1.89752196276823 -0.916822349529893 -2.59790198153462 1.84447238514453
1.90380514807541 -0.933121836279663 -2.59038579063874 1.83866058935356
1.91008833338259 -0.94937409740923 -2.58286959974285 1.83274652923059
1.91637151868977 -0.965579132918594 -2.57535340884696 1.82673050150295
1.92265470399695 -0.981736942807755 -2.56783721795107 1.82061280289795
1.92893788930413 -0.997847527076712 -2.56032102705518 1.81439373014293
1.93522107461131 -1.01391088572547 -2.55280483615929 1.80807357996519
1.94150425991849 -1.02992701875402 -2.5452886452634 1.80165264909208
1.94778744522567 -1.04589592616237 -2.53777245436752 1.7951312342509
1.95407063053285 -1.06181760795051 -2.53025626347163 1.78850963216898
1.96035381584003 -1.07769206411845 -2.52274007257574 1.78178813957365
1.96663700114721 -1.09351929466619 -2.51522388167985 1.77496705319222
1.97292018645439 -1.10929929959373 -2.50770769078396 1.76804666975203
1.97920337176157 -1.12503207890106 -2.50019149988807 1.76102728598038
1.98548655706875 -1.14071406491175 -2.48728108224904 1.7539092001777
1.99176974237593 -1.1562380043527 -2.45414231432322 1.74669300340907
1.99805292768311 -1.17155372677392 -2.42100354639739 1.7393799209853
2.00433611299029 -1.18666123217541 -2.38786477847157 1.73197126117251
2.01061929829747 -1.20156052055717 -2.35472601054574 1.7244683322368
2.01690248360465 -1.2162515919192 -2.32158724261992 1.71687244244431
2.02318566891183 -1.2307344462615 -2.2884484746941 1.70918490006115
2.02946885421901 -1.24500908358407 -2.25530970676827 1.70140701335343
2.03575203952619 -1.25907550388691 -2.22217093884245 1.69354009058729
2.04203522483337 -1.27293370717002 -2.18903217091662 1.68558544002884
2.04831841014055 -1.2865836934334 -2.1558934029908 1.67754436994419
2.05460159544772 -1.30002546267705 -2.12275463506498 1.66941818859947
2.0608847807549 -1.31325901490098 -2.08961586713915 1.66120820426079
2.06716796606208 -1.32628435010517 -2.05647709921333 1.65291572519428
2.07345115136926 -1.33910146828963 -2.02333833128751 1.64454205966605
2.07973433667644 -1.35171036945437 -1.99019956336168 1.63608851594223
2.08601752198362 -1.36411105359937 -1.95706079543585 1.62755640228892
2.0923007072908 -1.37630352072465 -1.92392202751003 1.61894702697226
2.09858389259798 -1.38828777083019 -1.89078325958421 1.61026169825835
2.10486707790516 -1.40006380391601 -1.85764449165838 1.60150172441333
2.11115026321234 -1.41163161998209 -1.82450572373256 1.5926684137033
2.11743344851952 -1.42299121902845 -1.79136695580674 1.58376307439439
2.1237166338267 -1.43414260105508 -1.75822818788091 1.57478701475272
2.12999981913388 -1.44508576606198 -1.72508941995509 1.5657415430444
2.13628300444106 -1.45582071404914 -1.69195065202927 1.55662796753556
2.14256618974824 -1.46634744501658 -1.65881188410344 1.5474475964923
2.14884937505542 -1.47666595896429 -1.62567311617762 1.53820173818076
2.1551325603626 -1.48677625589227 -1.59253434825179 1.52889170086706
2.16141574566978 -1.49667833580052 -1.55939558032597 1.5195187928173
2.16769893097696 -1.50637219868904 -1.52625681240014 1.51008432229761
2.17398211628414 -1.51585784455783 -1.49311804447432 1.50058959757411
2.18026530159132 -1.52513527340689 -1.4599792765485 1.49103592691292
2.1865484868985 -1.53420448523622 -1.42684050862267 1.48142461858016
2.19283167220568 -1.54306548004583 -1.39370174069685 1.47175698084194
2.19911485751286 -1.5517182578357 -1.36056297277103 1.46203432196438
2.20539804282003 -1.56016281860584 -1.3274242048452 1.45225795021361
2.21168122812721 -1.56839916235625 -1.29428543691938 1.44242917385574
2.21796441343439 -1.57642728908694 -1.26114666899355 1.4325493011569
2.22424759874157 -1.58424719879789 -1.22800790106773 1.42261964038319
2.23053078404875 -1.59185889148912 -1.19486913314191 1.41264149980075
2.23681396935593 -1.59926236716061 -1.16173036521608 1.40261618767569
2.24309715466311 -1.60645762581238 -1.12859159729026 1.39254501227412
2.24938033997029 -1.61344466744441 -1.09545282936443 1.38242928186217
2.25566352527747 -1.62022349205672 -1.06231406143861 1.37227030470596
2.26194671058465 -1.62679409964929 -1.02917529351279 1.3620693890716
2.26822989589183 -1.63315649022214 -0.996036525586965 1.35182784322522
2.27451308119901 -1.63931066377526 -0.962897757661138 1.34154697543293
2.28079626650619 -1.64525662030865 -0.929758989735314 1.33122809396085
2.28707945181337 -1.6509943598223 -0.896620221809492 1.32087250707511
2.29336263712055 -1.65652388231623 -0.863481453883665 1.31048152304181
2.29964582242773 -1.66184518779043 -0.830342685957843 1.30005645012709
2.30592900773491 -1.6669582762449 -0.797203918032019 1.28959859659706
2.31221219304209 -1.67186314767964 -0.764065150106195 1.27910927071783
2.31849537834927 -1.67656985790656 -0.736455147865156 1.26858976856241
2.32477856365645 -1.68112303478511 -0.712866066122145 1.25804118763276
2.33106174896363 -1.68552799709185 -0.689276984379131 1.24746446387884
2.33734493427081 -1.68978474482677 -0.665687902636119 1.23686052856029
2.34362811957799 -1.69389327798987 -0.642098820893107 1.22623031293673
2.34991130488517 -1.69785359658116 -0.618509739150092 1.21557474826777
2.35619449019234 -1.70166570060062 -0.594920657407081 1.20489476581304
2.36247767549952 -1.70532959004827 -0.571331575664068 1.19419129683216
2.3687608608067 -1.7088452649241 -0.547742493921056 1.18346527258473
2.37504404611388 -1.71221272522812 -0.524153412178043 1.1727176243304
2.38132723142106 -1.71543197096031 -0.500564330435032 1.16194928332877
2.38761041672824 -1.71850300212069 -0.476975248692017 1.15116118083946
2.39389360203542 -1.72142581870925 -0.453386166949006 1.1403542481221
2.4001767873426 -1.724200420726 -0.429797085205994 1.12952941643631
2.40645997264978 -1.72682680817092 -0.406208003462981 1.1186876170417
2.41274315795696 -1.72930498104403 -0.382618921719968 1.1078297811979
2.41902634326414 -1.73163493934532 -0.359029839976955 1.09695684016452
2.42530952857132 -1.7338166830748 -0.335440758233943 1.08606972520119
2.4315927138785 -1.73585021223245 -0.31185167649093 1.07516936756751
2.43787589918568 -1.73773552681829 -0.288262594747919 1.06425669852313
2.44415908449286 -1.73947262683231 -0.264673513004904 1.05333264932765
2.45044226980004 -1.74106151227451 -0.241084431261893 1.0423981512407
2.45672545510722 -1.7425021831449 -0.21749534951888 1.03145413552189
2.4630086404144 -1.74379463944347 -0.193906267775868 1.02050153343084
2.46929182572158 -1.74493888117022 -0.170317186032855 1.00954127622718
2.47557501102876 -1.74593490832515 -0.146728104289844 0.998574295170525
2.48185819633594 -1.74678272090827 -0.123139022546829 0.987601521520494
2.48814138164312 -1.74748231891957 -0.0995499408038167 0.976623886536707
2.4944245669503 -1.74803370235905 -0.0759608590608056 0.965642321478783
2.50070775225748 -1.74843687122671 -0.0523717773177911 0.954657757606344
2.50699093756465 -1.74869182552255 -0.0287826955747801 0.943671126179011
2.51327412287183 -1.74879856524658 -0.00519361383176731 0.932683358456402
2.51955730817901 -1.74875709039879 0.0183954679112454 0.921695385698135
2.52584049348619 -1.74856740097918 0.0419845496542582 0.910708139163837
2.53212367879337 -1.74822949698776 0.0655736313972693 0.899722550113119
2.53840686410055 -1.74774337842452 0.0891627131402837 0.888739549805606
2.54469004940773 -1.74710904528946 0.112751794883295 0.877760069500917
2.55097323471491 -1.74632649758258 0.136340876626308 0.866785040458674
2.55725642002209 -1.74539573530388 0.159929958369322 0.855815393938489
2.56353960532927 -1.74431675845337 0.183519040112333 0.844852061199995
2.56982279063645 -1.74308956703104 0.207108121855346 0.833895973502804
2.57610597594363 -1.74171416103689 0.230697203598359 0.822948062106533
2.58238916125081 -1.74019054047093 0.254286285341371 0.812009258270808
2.58867234655799 -1.73851870533314 0.277875367084382 0.801080493255246
2.59495553186517 -1.73669865562354 0.301464448827397 0.790162698319469
2.60123871717235 -1.73473039134213 0.325053530570408 0.779256804723097
2.60752190247953 -1.73261391248889 0.348642612313421 0.768363743725744
2.61380508778671 -1.73034921906384 0.372231694056435 0.757484446587039
2.62008827309389 -1.72793631106697 0.395820775799446 0.746619844566597
2.62637145840107 -1.72537518849828 0.419409857542459 0.735770868924037
2.63265464370825 -1.72266585135777 0.442998939285472 0.72493845091898
2.63893782901543 -1.71980829964545 0.466588021028485 0.714123521811048
2.64522101432261 -1.71680253336131 0.490177102771496 0.703327012859857
2.65150419962979 -1.71363630953654 0.517879745744747 0.692549879617084
2.65778738493696 -1.71029462675567 0.545810919897451 0.681793191451352
2.66407057024414 -1.70677744723175 0.573742094050158 0.671058051037047
2.67035375555132 -1.70308477096478 0.601673268202864 0.660345561052728
2.6766369408585 -1.69921659795476 0.629604442355571 0.649656824176951
2.68292012616568 -1.69517292820169 0.657535616508278 0.638992943088277
2.68920331147286 -1.69095376170557 0.685466790660984 0.62835502046526
2.69548649678004 -1.68655909846641 0.713397964813691 0.617744158986457
2.70176968208722 -1.68198893848419 0.741329138966396 0.60716146133043
2.7080528673944 -1.67724328175893 0.769260313119104 0.59660803017573
2.71433605270158 -1.67232212829062 0.797191487271809 0.586084968200924
2.72061923800876 -1.66722547807926 0.825122661424516 0.575593378084559
2.72690242331594 -1.66195333112485 0.853053835577222 0.565134362505193
2.73318560862312 -1.6565056874274 0.880985009729929 0.554709024141393
2.7394687939303 -1.65088254698689 0.908916183882634 0.544318465671709
2.74575197923748 -1.64508390980334 0.936847358035342 0.533963789774696
2.75203516454466 -1.63910977587674 0.964778532188049 0.52364609912892
2.75831834985184 -1.63296014520709 0.992709706340753 0.513366496412931
2.76460153515902 -1.62663501779439 1.02064088049346 0.503126084305287
2.7708847204662 -1.62013439363864 1.04857205464617 0.492925965484549
2.77716790577338 -1.61345827273984 1.07650322879887 0.482767242629277
2.78345109108056 -1.606606655098 1.10443440295158 0.472651018418018
2.78973427638774 -1.59957954071311 1.13236557710429 0.462578395529337
2.79601746169492 -1.59237692958517 1.16029675125699 0.45255047664179
2.8023006470021 -1.58499882171417 1.1882279254097 0.442568364433932
2.80858383230927 -1.57744521710014 1.2161590995624 0.432633161584326
2.81486701761645 -1.56971611574305 1.24409027371511 0.422745970771521
2.82115020292363 -1.56181151764291 1.27202144786782 0.412907894674084
2.82743338823081 -1.55373142279973 1.29995262202052 0.40312003597057
2.83371657353799 -1.54547583121349 1.32788379617323 0.393383497339527
2.83999975884517 -1.53704474288421 1.35581497032594 0.383699381459521
2.84628294415235 -1.52843815781188 1.38374614447864 0.374068791009109
2.85256612945953 -1.5196560759965 1.41167731863135 0.36449282866685
2.85884931476671 -1.51069849743808 1.43960849278406 0.354972597111292
2.86513250007389 -1.5015654221366 1.46753966693676 0.345509199021006
2.87141568538107 -1.49225685009208 1.49547084108947 0.336103737074541
2.87769887068825 -1.4827727813045 1.52340201524218 0.326757313950455
2.88398205599543 -1.47311321577388 1.55133318939488 0.317471032327304
2.89026524130261 -1.46327815350021 1.57926436354759 0.308245994883643
2.89654842660979 -1.45326759448349 1.6071955377003 0.29908330429804
2.90283161191697 -1.44308153872372 1.635126711853 0.289984063249047
2.90911479722415 -1.43271998622091 1.66305788600571 0.28094937441522
2.91539798253133 -1.42218293697504 1.69098906015842 0.271980340475114
2.92168116783851 -1.41147039098613 1.71892023431112 0.263078064107288
2.92796435314569 -1.40058234825417 1.74685140846383 0.25424364799031
2.93424753845287 -1.38951880877916 1.77478258261653 0.245478194802723
2.94053072376005 -1.3782797725611 1.80271375676924 0.236782807223087
2.94681390906723 -1.36686523959999 1.83064493092194 0.228158587929963
2.95309709437441 -1.35527520989584 1.85857610507465 0.219606639601907
2.95938027968159 -1.34350968344863 1.88650727922736 0.211128064917473
2.96566346498876 -1.33156866025838 1.91443845338006 0.202723966555227
2.97194665029594 -1.31945214032508 1.94236962753277 0.194395447193721
2.97822983560312 -1.30716884720764 1.96150761737733 0.186143603741855
2.9845130209103 -1.2948440609049 1.96159370788755 0.177969138821957
2.99079620621748 -1.28251873367953 1.96167979839777 0.169872114517629
2.99707939152466 -1.27019286553153 1.96176588890799 0.161852534227588
3.00336257683184 -1.25786645646091 1.96185197941822 0.15391040135055
3.00964576213902 -1.24553950646765 1.96193806992844 0.146045719285235
3.0159289474462 -1.23321201555176 1.96202416043866 0.138258491430358
3.02221213275338 -1.22088398371325 1.96211025094889 0.130548721184636
3.02849531806056 -1.20855541095211 1.96219634145911 0.122916411946787
3.03477850336774 -1.19622629726834 1.96228243196933 0.115361567115528
3.04106168867492 -1.18389664266193 1.96236852247955 0.107884190089576
3.0473448739821 -1.1715664471329 1.96245461298978 0.100484284267648
3.05362805928928 -1.15923571068125 1.9625407035 0.0931618530484623
3.05991124459646 -1.14690443330696 1.96262679401022 0.0859168998307333
3.06619442990364 -1.13457261501004 1.96271288452045 0.0787494280131801
3.07247761521082 -1.1222402557905 1.96279897503067 0.0716594409945205
3.078760800518 -1.10990735564832 1.96288506554089 0.0646469421734693
3.08504398582518 -1.09757391458352 1.96297115605111 0.057711934948745
3.09132717113236 -1.08523993259609 1.96305724656134 0.0508544227190655
3.09761035643954 -1.07290540968603 1.96314333707156 0.0440744088831474
3.10389354174672 -1.06057034585334 1.96322942758178 0.0373718968397056
3.1101767270539 -1.04823474109802 1.96331551809201 0.0307468899874607
3.11645991236107 -1.03589859542007 1.96340160860223 0.0241993917251277
3.12274309766825 -1.02356190881949 1.96348769911245 0.017729405451423
3.12902628297543 -1.01122468129629 1.96357378962267 0.011336934565066
3.13530946828261 -0.998886912850452 1.9636598801329 0.00502198246477303
3.14159265358979 -0.986548603481988 1.96374597064312 -0.00121544745073951
3.14787583889697 -0.974209753190896 1.96383206115334 -0.00737535178275395
3.15415902420415 -0.961870361977175 1.96391815166357 -0.0134577271325534
3.16044220951133 -0.949530429840824 1.96400424217379 -0.019462570101421
3.16672539481851 -0.937189956781845 1.96409033268401 -0.0253898772906409
3.17300858012569 -0.924848942800238 1.96417642319423 -0.0312396453014916
3.17929176543287 -0.912507387895999 1.96426251370446 -0.0370118707352596
3.18557495074005 -0.900165292069134 1.96434860421468 -0.042706550193228
3.19185813604723 -0.887822655319639 1.9644346947249 -0.0483236802766784
3.19814132135441 -0.875479477647515 1.96452078523513 -0.0538632575868938
3.20442450666159 -0.863135759052763 1.96460687574535 -0.0593252787251576
3.21070769196877 -0.850791499535382 1.96469296625557 -0.0647097402927509
3.21699087727595 -0.83844669909537 1.96477905676579 -0.0700166388909591
3.22327406258313 -0.826101357732731 1.96486514727602 -0.0752459711210645
3.22955724789031 -0.813755475447463 1.96495123778624 -0.0803977335843481
3.23584043319749 -0.801409052239565 1.96503732829646 -0.0854719228820953
3.24212361850467 -0.789062088109039 1.96512341880669 -0.0904685356155869
3.24840680381185 -0.776714583055884 1.96520950931691 -0.095387568386108
3.25468998911903 -0.7643665370801 1.96529559982713 -0.100229017794939
3.26097317442621 -0.752017950181687 1.96538169033735 -0.104992880443366
3.26725635973338 -0.739668822360646 1.96546778084758 -0.109679152932668
3.27353954504056 -0.727319153616974 1.9655538713578 -0.114287831864129
3.27982273034774 -0.714968943950675 1.96563996186802 -0.118818913839034
3.28610591565492 -0.702618193361746 1.96572605237825 -0.123272395458665
3.2923891009621 -0.690266901850188 1.96581214288847 -0.127648273324304
3.29867228626928 -0.677915069416002 1.96589823339869 -0.131946544037234
3.30495547157646 -0.665562696059186 1.96598432390891 -0.136167204198739
3.31123865688364 -0.653215112509188 1.96359044105114 -0.140310258049074
3.31752184219082 -0.640888626382125 1.96005195510045 -0.144375793207005
3.323805027498 -0.628584373217997 1.95651346914976 -0.148363948615328
3.33008821280518 -0.616302353016803 1.95297498319907 -0.152274863967866
3.33637139811236 -0.604042565778546 1.94943649724838 -0.156108678958448
3.34265458341954 -0.591805011503222 1.94589801129769 -0.159865533280897
3.34893776872672 -0.579589690190834 1.942359525347 -0.163545566629042
3.3552209540339 -0.567396601841381 1.93882103939631 -0.167148918696706
3.36150413934108 -0.555225746454863 1.93528255344562 -0.170675729177716
3.36778732464826 -0.54307712403128 1.93174406749493 -0.1741261377659
3.37407050995544 -0.530950734570632 1.92820558154424 -0.177500284155083
3.38035369526262 -0.518846578072919 1.92466709559355 -0.180798308039089
3.3866368805698 -0.506764654538141 1.92112860964286 -0.184020349111747
3.39292006587698 -0.494704963966298 1.91759012369217 -0.187166547066881
3.39920325118416 -0.48266750635739 1.91405163774148 -0.19023704159832
3.40548643649134 -0.470652281711418 1.91051315179079 -0.193231972399885
3.41176962179852 -0.45865929002838 1.9069746658401 -0.196151479165408
3.4180528071057 -0.446688531308277 1.90343617988941 -0.19899570158871
3.42433599241287 -0.434740005551109 1.89989769393872 -0.201764779363621
3.43061917772005 -0.422813712756876 1.89635920798803 -0.204458852183963
3.43690236302723 -0.41090965292558 1.89282072203734 -0.207078059743565
3.44318554833441 -0.399027826057216 1.88928223608665 -0.209622541736253
3.44946873364159 -0.387168232151789 1.88574375013596 -0.212092437855852
3.45575191894877 -0.375330871209297 1.88220526418527 -0.214487887796187
3.46203510425595 -0.363515743229739 1.87866677823458 -0.216809031251086
3.46831828956313 -0.351722848213117 1.87512829228389 -0.219056007914375
3.47460147487031 -0.33995218615943 1.8715898063332 -0.221228957479879
3.48088466017749 -0.328203757068677 1.86805132038251 -0.223328019641424
3.48716784548467 -0.316477560940859 1.86451283443182 -0.225353334092838
3.49345103079185 -0.304773597775978 1.86097434848113 -0.227305040527945
3.49973421609903 -0.29309186757403 1.85743586253044 -0.229183278640571
3.50601740140621 -0.281432370335018 1.85389737657975 -0.230988188124544
3.51230058671339 -0.269795106058941 1.85035889062906 -0.232719908673686
3.51858377202057 -0.258180074745799 1.84682040467837 -0.234378579981828
3.52486695732775 -0.246587276395592 1.84328191872768 -0.235964341742795
3.53115014263493 -0.23501671100832 1.83974343277699 -0.237477333650408
3.53743332794211 -0.223468378583982 1.8362049468263 -0.238917695398501
3.54371651324929 -0.211942279122581 1.83266646087561 -0.240285566680896
3.54999969855647 -0.200438412624114 1.82912797492492 -0.241581087191416
3.55628288386365 -0.188956779088581 1.82558948897423 -0.242804396623893
3.56256606917083 -0.177497378515985 1.82205100302354 -0.243955634672148
3.56884925447801 -0.166060210906324 1.81851251707285 -0.245034941030011
3.57513243978518 -0.154645276259597 1.81497403112216 -0.246042455391304
3.58141562509236 -0.143252574575805 1.81143554517147 -0.246978317449855
3.58769881039954 -0.131882105854949 1.80789705922078 -0.247842666899495
3.59398199570672 -0.120533870097026 1.80435857327009 -0.24863564343404
3.6002651810139 -0.10920786730204 1.8008200873194 -0.249357386747324
3.60654836632108 -0.0979040974699887 1.79728160136871 -0.25000803653317
3.61283155162826 -0.0866225606008721 1.79374311541802 -0.250587732485403
3.61911473693544 -0.0753632566946905 1.79020462946733 -0.251096614297856
3.62539792224262 -0.064126185751444 1.78666614351663 -0.251534821664345
3.6316811075498 -0.0529113477711325 1.78312765756594 -0.251902494278702
3.63796429285698 -0.041718938910968 1.77840283479865 -0.252199771856379
3.64424747816416 -0.0306268335841092 1.75232394933262 -0.252426967007661
3.65053066347134 -0.0196985867272366 1.72624506386658 -0.252584983182318
3.65681384877852 -0.00893419834035344 1.70016617840054 -0.252674849933436
3.6630970340857 0.00166633157654267 1.6740872929345 -0.252697596814175
3.66938021939288 0.0121030030234509 1.64800840746846 -0.25265425337766
3.67566340470006 0.0223758160003714 1.62192952200242 -0.252545849177017
3.68194659000724 0.0324847705073032 1.59585063653638 -0.252373413765375
3.68822977531442 0.0424298665442487 1.56977175107034 -0.252137976695876
3.6945129606216 0.0522111041112056 1.5436928656043 -0.251840567521644
3.70079614592878 0.061828483208174 1.51761398013827 -0.251482215795805
3.70707933123596 0.0712820038351559 1.49153509467222 -0.251063951071499
3.71336251654314 0.0805716659921487 1.46545620920619 -0.250586802901851
3.71964570185032 0.0896974696791542 1.43937732374015 -0.250051800840007
3.72592888715749 0.0986594148961719 1.41329843827411 -0.249459974439072
3.73221207246467 0.107457501643202 1.38721955280807 -0.248812353252201
3.73849525777185 0.116091729920243 1.36114066734203 -0.248109966832511
3.74477844307903 0.124562099727298 1.33506178187599 -0.247353844733135
3.75106162838621 0.132868611064364 1.30898289640995 -0.246545016507204
3.75734481369339 0.141011263931442 1.28290401094391 -0.245684511707869
3.76362799900057 0.148990058328534 1.25682512547787 -0.244773359888224
3.76991118430775 0.156804994255636 1.23074624001183 -0.24381259060143
3.77619436961493 0.164456071712751 1.20466735454579 -0.242803233400604
3.78247755492211 0.171943290699878 1.17858846907976 -0.241746317838879
3.78876074022929 0.179266651217018 1.15250958361372 -0.240642873469391
3.79504392553647 0.186426153264169 1.12643069814768 -0.239493929845271
3.80132711084365 0.193421796841333 1.10035181268164 -0.238300516519642
3.80761029615083 0.200253581948508 1.0742729272156 -0.237063663045644
3.81389348145801 0.206921508585696 1.04819404174956 -0.235784398976406
3.82017666676519 0.213425576752896 1.02211515628352 -0.234463753865053
3.82645985207237 0.219765786450109 0.996036270817482 -0.233102757264714
3.83274303737955 0.225942137677333 0.969957385351443 -0.23170243872854
3.83902622268673 0.23195463043457 0.943878499885403 -0.230263827809645
3.84530940799391 0.237803264721818 0.917799614419364 -0.228787954061154
3.85159259330109 0.243488040539079 0.891720728953327 -0.227275847036218
3.85787577860827 0.249008957886353 0.865641843487285 -0.22572853628796
3.86415896391545 0.254366016763637 0.839562958021248 -0.224147051369501
3.87044214922263 0.259559217170935 0.813484072555209 -0.222532421833989
3.8767253345298 0.264588559108245 0.787405187089169 -0.220885677234531
3.88300851983698 0.269454042575566 0.76132630162313 -0.219207847124292
3.88929170514416 0.2741556675729 0.735247416157091 -0.217499961056369
3.89557489045134 0.278693434100246 0.709168530691051 -0.215763048583913
3.90185807575852 0.283067342157605 0.683089645225012 -0.213998139260061
3.9081412610657 0.287277391744975 0.657010759758974 -0.212206262637923
3.91442444637288 0.291323582862358 0.630931874292933 -0.210388448270642
3.92070763168006 0.295205915509752 0.604852988826896 -0.20854572571134
3.92699081698724 0.298924389687159 0.578774103360856 -0.206679124513161
3.93327400229442 0.302479005394578 0.552695217894817 -0.204789674229235
3.9395571876016 0.305869762632009 0.526616332428778 -0.202878404412686
3.94584037290878 0.309096661399453 0.50053744696274 -0.200946344616653
3.95212355821596 0.312159701696908 0.474458561496699 -0.19899452439426
3.95840674352314 0.315058883524376 0.44837967603066 -0.197023973298643
3.96468992883032 0.317794206881856 0.422300790564622 -0.195035720882927
3.9709731141375 0.320372520854099 0.401399717143714 -0.193030790660378
3.97725629944468 0.322851293542839 0.387618135284867 -0.191009998110869
3.98353948475186 0.325243473998935 0.373836553426019 -0.188973903010744
3.98982267005904 0.327549062222385 0.36005497156717 -0.18692304943504
3.99610585536622 0.329768058213191 0.346273389708323 -0.184857981458817
4.0023890406734 0.33190046197135 0.332491807849476 -0.182779243157106
4.00867222598058 0.333946273496865 0.318710225990626 -0.180687378604958
4.01495541128776 0.335905492789735 0.304928644131779 -0.178582931877408
4.02123859659494 0.337778119849959 0.29114706227293 -0.17646644704951
4.02752178190211 0.339564154677538 0.277365480414083 -0.174338468196303
4.03380496720929 0.341263597272472 0.263583898555236 -0.17219953939283
4.04008815251647 0.342876447634761 0.249802316696386 -0.170050204714135
4.04637133782365 0.344402705764405 0.236020734837539 -0.167891008235266
4.05265452313083 0.345842371661403 0.22223915297869 -0.16572249403126
4.05893770843801 0.347195445325756 0.208457571119843 -0.163545206177158
4.06522089374519 0.348461926757464 0.194675989260993 -0.161359688748018
4.07150407905237 0.349641815956527 0.180894407402146 -0.159166485818883
4.07778726435955 0.350735112922944 0.167112825543297 -0.156966141464786
4.08407044966673 0.351741817656717 0.15333124368445 -0.154759199760776
4.09035363497391 0.352661930157844 0.139549661825602 -0.152546204781892
4.09663682028109 0.353495450426326 0.125768079966753 -0.150327700603181
4.10292000558827 0.354242378462162 0.111986498107904 -0.148104231299688
4.10920319089545 0.354902714265354 0.0982049162490567 -0.145876340946466
4.11548637620263 0.3554764578359 0.0844233343902095 -0.143644573618543
4.12176956150981 0.355963609173801 0.0706417525313622 -0.141409473390963
4.12805274681699 0.356364168279057 0.056860170672513 -0.139171584338785
4.13433593212417 0.356678135151668 0.0430785888136638 -0.136931450537034
4.14061911743135 0.356905509791633 0.0292970069548165 -0.134689616060774
4.14690230273853 0.357046292198953 0.0155154250959693 -0.132446624985041
4.15318548804571 0.357100482373628 0.00173384323712007 -0.130203021384878
4.15946867335289 0.357068080315658 -0.0120477386217272 -0.127959349335313
4.16575185866007 0.356949086025043 -0.0258293204805744 -0.125716152911416
4.17203504396725 0.356743499501782 -0.0396109023394256 -0.123473976188214
4.17831822927443 0.356451320745876 -0.0533924841982729 -0.121233363240762
4.1846014145816 0.356072549757325 -0.0671740660571201 -0.118994858144092
4.19088459988878 0.355607186536129 -0.0809556479159674 -0.116759004973258
4.19716778519596 0.355055231082288 -0.0947372297748166 -0.114526347803299
4.20345097050314 0.354416683395801 -0.108518811633664 -0.112297430709264
4.20973415581032 0.353691543476669 -0.122300393492513 -0.110072797766184
4.2160173411175 0.352879811324892 -0.13608197535136 -0.107852993049109
4.22230052642468 0.35198148694047 -0.149863557210209 -0.10563856063309
4.22858371173186 0.350996570323403 -0.163645139069057 -0.10343004459317
4.23486689703904 0.34992506147369 -0.177426720927904 -0.10122798900439
4.24115008234622 0.348766960391332 -0.191208302786753 -0.0990329379417951
4.2474332676534 0.347522267076329 -0.204989884645602 -0.0968454354804238
4.25371645296058 0.346190981528681 -0.21877146650445 -0.094666025695314
4.25999963826776 0.344773103748387 -0.232553048363297 -0.0924952526615237
4.26628282357494 0.343268633735448 -0.246334630222146 -0.0903336604541018
4.27256600888212 0.341677571489865 -0.260116212080993 -0.0881817931480744
4.2788491941893 0.339999917011636 -0.273897793939841 -0.0860401948184886
4.28513237949648 0.338235670300761 -0.28767937579869 -0.0839094095404023
4.29141556480366 0.336384831357241 -0.301460957657539 -0.0817899813888396
4.29769875011084 0.334447400181077 -0.315242539516386 -0.0796824544388595
4.30398193541802 0.332417330769054 -0.331461824661927 -0.0775873827623925
4.3102651207252 0.330281698109857 -0.348331164017254 -0.0755053968638267
4.31654830603238 0.328040072265482 -0.365200503372579 -0.073437162528414
4.32283149133956 0.325692453235927 -0.382069842727906 -0.0713833457309841
4.32911467664673 0.323238841021193 -0.398939182083231 -0.0693446124463605
4.33539786195391 0.320679235621279 -0.415808521438558 -0.0673216286493661
4.34168104726109 0.318013637036187 -0.432677860793883 -0.065315060314818
4.34796423256827 0.315242045265916 -0.449547200149208 -0.0633255734175528
4.35424741787545 0.312364460310465 -0.466416539504533 -0.0613538339323858
4.36053060318263 0.309380882169834 -0.483285878859863 -0.0594005078341411
4.36681378848981 0.306291310844025 -0.500155218215188 -0.0574662610976564
4.37309697379699 0.303095746333037 -0.517024557570513 -0.0555517596977269
4.37938015910417 0.299794188636869 -0.53389389692584 -0.0536576696091968
4.38566334441135 0.296386637755522 -0.550763236281165 -0.0517846568068943
4.39194652971853 0.292873093688996 -0.56763257563649 -0.0499333872656247
4.39822971502571 0.289253556437291 -0.584501914991817 -0.0481045269602367
4.40451290033289 0.285528026000406 -0.601371254347145 -0.046298741865527
4.41079608564007 0.281696502378342 -0.61824059370247 -0.0445166979563272
4.41707927094725 0.2777589855711 -0.635109933057795 -0.0427590612074713
4.42336245625443 0.273715475578678 -0.651979272413119 -0.0410264975937857
4.42964564156161 0.269565972401076 -0.668848611768447 -0.0393196730900822
4.43592882686879 0.265310476038295 -0.685717951123774 -0.0376392536711809
4.44221201217597 0.260948986490336 -0.702587290479099 -0.0359859053119194
4.44849519748315 0.256481503757196 -0.719456629834426 -0.0343602939871044
4.45477838279033 0.251908027838879 -0.736325969189751 -0.0327630856715806
4.46106156809751 0.247228558735381 -0.753195308545076 -0.031194946340166
4.46734475340469 0.242443096446705 -0.770064647900401 -0.0296565419676766
4.47362793871187 0.237551640972848 -0.786933987255731 -0.0281485385289328
4.47991112401905 0.232554192313813 -0.803803326611056 -0.0266716019987689
4.48619430932622 0.227450750469599 -0.820672665966381 -0.0252263983519971
4.4924774946334 0.222241315440206 -0.837542005321708 -0.0238135935634642
4.49876067994058 0.216925887225633 -0.854411344677033 -0.0224338536079647
4.50504386524776 0.211504465825882 -0.871280684032358 -0.0210878444603435
4.51132705055494 0.20597705124095 -0.888150023387685 -0.0197762320954156
4.51761023586212 0.200343643470839 -0.905019362743012 -0.0184996824879984
4.5238934211693 0.19460424251555 -0.921888702098337 -0.017258861612937
4.53017660647648 0.188758848375082 -0.938758041453662 -0.0160544354450232
4.53645979178366 0.182807461049434 -0.955627380808987 -0.0148870699591259
4.54274297709084 0.176750080538607 -0.972496720164315 -0.0137574311300237
4.54902616239802 0.1705867068426 -0.989366059519642 -0.0126661849325624
4.5553093477052 0.164317339961415 -1.00623539887497 -0.0116139973415712
4.56159253301238 0.157941979895049 -1.02310473823029 -0.0106015343318453
4.56787571831956 0.151460626643506 -1.03997407758562 -0.00962946187824487
4.57415890362674 0.144873280206783 -1.05684341694094 -0.00869844595557057
4.58044208893392 0.138179940584881 -1.07371275629627 -0.00780915253866032
4.5867252742411 0.131380607777798 -1.0905820956516 -0.00696224760231479
4.59300845954828 0.124475281785537 -1.10745143500692 -0.00615839712138699
4.59929164485546 0.117463962608098 -1.12432077436225 -0.00539826707068558
4.60557483016264 0.110346650245479 -1.14119011371757 -0.00468252342502629
4.61185801546982 0.10312334469768 -1.1580594530729 -0.00401183215925327
4.618141200777 0.0957940459647027 -1.17492879242823 -0.00338685924817872
4.62442438608418 0.0883587540465452 -1.19179813178355 -0.00280827066662104
4.63070757139136 0.0808195672574043 -1.20443734817095 -0.00227673169551163
4.63699075669853 0.0732830333292214 -1.19451590872938 -0.001792636737835
4.64327394200571 0.0658088376435638 -1.18459446928781 -0.00135569937803523
4.64955712731289 0.0583969802004315 -1.17467302984625 -0.000965527933387111
4.65584031262007 0.0510474609998235 -1.16475159040468 -0.00062173072116406
4.66212349792725 0.0437602800417409 -1.15483015096311 -0.000323916058637796
4.66840668323443 0.0365354373261846 -1.14490871152155 -7.16922630614736E-05
4.67468986854161 0.0293729328531536 -1.13498727207998 0.000135332348269013
4.68097305384879 0.0222727666226469 -1.12506583263841 0.000297549458102453
4.68725623915597 0.0152349386346666 -1.11514439319684 0.000415350749166321
4.69353942446315 0.00825944888921159 -1.10522295375528 0.000489127904183206
4.69982260977033 0.00134629738627995 -1.09530151431371 0.000519272605884691
4.70610579507751 -0.00550451587412442 -1.08538007487214 0.000506176537014014
4.71238898038469 -0.0122929908920035 -1.07545863543058 0.000450231380268784
4.71867216569187 -0.0190191276673572 -1.06553719598901 0.000351828818416777
4.72495535099905 -0.0256829262001865 -1.05561575654744 0.000211360534156269
4.73123853630623 -0.0322843864904896 -1.04569431710588 2.92182102277216E-05
4.73752172161341 -0.0388235085382683 -1.03577287766431 -0.000194206470635949
4.74380490692059 -0.0453002923435208 -1.02585143822274 -0.000458521825708491
4.75008809222777 -0.0517147379062488 -1.01592999878117 -0.00076333617224611
4.75637127753495 -0.0580668452264506 -1.00600855933961 -0.00110825782754276
4.76265446284213 -0.0643566143041271 -0.996087119898042 -0.00149289510886597
4.76893764814931 -0.0705840451392791 -0.986165680456474 -0.00191685633346905
4.77522083345649 -0.0767491377319058 -0.976244241014907 -0.00237974981863509
4.78150401876367 -0.0828518920820063 -0.96632280157334 -0.00288118388162895
4.78778720407084 -0.0888923081895815 -0.956401362131774 -0.00342076683973236
4.79407038937802 -0.0948703860546322 -0.946479922690206 -0.00399810701019865
4.8003535746852 -0.100786125677157 -0.93655848324864 -0.00461281271031178
4.80663675999238 -0.106639527057156 -0.926637043807074 -0.00526449225733527
4.81291994529956 -0.112430590194631 -0.916715604365506 -0.00595275396854156
4.81920313060674 -0.11815931508958 -0.906794164923938 -0.00667720616119638
4.82548631591392 -0.123825701742003 -0.896872725482372 -0.00743745715258548
4.8317695012211 -0.129429750151901 -0.886951286040806 -0.00823311525996306
4.83805268652828 -0.134971460319275 -0.877029846599238 -0.00906378880060421
4.84433587183546 -0.140450832244122 -0.867108407157672 -0.009929086091784
4.85061905714264 -0.145867865926445 -0.857186967716104 -0.0108286154507677
4.85690224244982 -0.151222561366241 -0.847265528274538 -0.0117619851948372
4.863185427757 -0.156514918563514 -0.83734408883297 -0.012728803641243
4.86946861306418 -0.161744937518259 -0.827422649391404 -0.013728679107269
4.87575179837136 -0.16691261823048 -0.817501209949837 -0.0147612199101856
4.88203498367854 -0.172017960700176 -0.807579770508271 -0.0158260343672567
4.88831816898572 -0.177060964927347 -0.797658331066702 -0.0169227307957605
4.8946013542929 -0.182041630911992 -0.787736891625135 -0.0180509175129582
4.90088453960008 -0.186959958654111 -0.777815452183569 -0.0192102028361325
4.90716772490726 -0.191815948153706 -0.767894012742002 -0.0204001950825448
4.91345091021444 -0.196609599410775 -0.757972573300435 -0.0216205025694669
4.91973409552162 -0.201340912425318 -0.748051133858869 -0.0228707336141674
4.9260172808288 -0.206009887197337 -0.738129694417301 -0.024150496533919
4.93230046613598 -0.21061652372683 -0.728208254975733 -0.0254593996459991
4.93858365144315 -0.215160822013798 -0.718286815534167 -0.0267970512676707
4.94486683675033 -0.21964278205824 -0.708365376092601 -0.0281630597162086
4.95115002205751 -0.224062403860157 -0.698443936651034 -0.0295570333088766
4.95743320736469 -0.228419687419549 -0.688522497209467 -0.0309785803629503
4.96371639267187 -0.232714489558835 -0.678514465572838 -0.0324273090378644
4.96999957797905 -0.236946035687301 -0.668428500960656 -0.0339028242751591
4.97628276328623 -0.241114209831107 -0.658342536348472 -0.0354047280119383
4.98256594859341 -0.245219011990253 -0.648256571736289 -0.0369326220703083
4.98884913390059 -0.249260442164739 -0.638170607124107 -0.0384861082723263
4.99513231920777 -0.253238500354564 -0.628084642511925 -0.0400647884400775
5.00141550451495 -0.257153186559731 -0.61799867789974 -0.0416682643956334
5.00769868982213 -0.261004500780237 -0.607912713287557 -0.0432961379610791
5.01398187512931 -0.264792443016083 -0.597826748675375 -0.0449480109584786
5.02026506043649 -0.268517013267269 -0.587740784063193 -0.0466234852099283
5.02654824574367 -0.272178211533795 -0.577654819451009 -0.0483221625374781
5.03283143105085 -0.275776037815661 -0.567568854838826 -0.0500436447632342
5.03911461635803 -0.279310492112867 -0.557482890226643 -0.0517875337092601
5.04539780166521 -0.282781574425414 -0.547396925614459 -0.0535534311976267
5.05168098697239 -0.286189284753299 -0.537310961002277 -0.05534093905042
5.05796417227957 -0.289533623096525 -0.527224996390094 -0.0571496590897242
5.06424735758675 -0.292814589455091 -0.517139031777912 -0.0589791931376022
5.07053054289393 -0.296032183828997 -0.507053067165728 -0.0608291430161327
5.07681372820111 -0.299186406218244 -0.496967102553544 -0.0626991105473982
5.08309691350829 -0.30227725662283 -0.486881137941362 -0.0645886975534817
5.08938009881546 -0.305304735042755 -0.47679517332918 -0.0664975058564403
5.09566328412264 -0.308268841478022 -0.466709208716996 -0.0684251372783691
5.10194646942982 -0.311169575928628 -0.456623244104813 -0.070371193641332
5.108229654737 -0.314006938394573 -0.446537279492631 -0.0723352767674261
5.11451284004418 -0.31678092887586 -0.436451314880446 -0.0743169884787167
5.12079602535136 -0.319491547372486 -0.426365350268264 -0.0763159305972718
5.12707921065854 -0.322138793884452 -0.416279385656081 -0.0783317049451728
5.13336239596572 -0.324722668411758 -0.406193421043899 -0.0803639133445069
5.1396455812729 -0.327243170954404 -0.396107456431715 -0.082412157617338
5.14592876658008 -0.32970030151239 -0.386021491819533 -0.084476039585768
5.15221195188726 -0.332094060085716 -0.375935527207349 -0.0865551610718418
5.15849513719444 -0.334424446674382 -0.365849562595167 -0.0886491238976537
5.16477832250162 -0.336691461278388 -0.355763597982983 -0.0907575298852801
5.1710615078088 -0.338895103897734 -0.345677633370801 -0.0928799808567926
5.17734469311598 -0.34103537453242 -0.335591668758618 -0.0950160786342802
5.18362787842316 -0.343112273182446 -0.325505704146434 -0.0971654250398033
5.18991106373034 -0.345125799847812 -0.315419739534251 -0.0993276218954509
5.19619424903752 -0.347075954528518 -0.305333774922068 -0.10150227102329
5.2024774343447 -0.348962737224564 -0.295247810309886 -0.103688974245409
5.20876061965188 -0.35078614793595 -0.285161845697702 -0.105887333383879
5.21504380495906 -0.352546186662676 -0.27507588108552 -0.108096950260788
5.22132699026624 -0.354242853404742 -0.264989916473337 -0.110317426698188
5.22761017557342 -0.355876148162148 -0.254903951861152 -0.112548364518179
5.2338933608806 -0.357446070934894 -0.24481798724897 -0.114789365542828
5.24017654618777 -0.35895262172298 -0.234732022636788 -0.117040031594216
5.24645973149495 -0.360395800526406 -0.224646058024605 -0.11929996449443
5.25274291680213 -0.361775607345172 -0.214560093412421 -0.121568766065517
5.25902610210931 -0.363092042179278 -0.204474128800239 -0.123846038129589
5.26530928741649 -0.364345105028724 -0.194388164188055 -0.126131382508691
5.27159247272367 -0.36553479589351 -0.184302199575873 -0.128424401024934
5.27787565803085 -0.366661114773636 -0.174216234963689 -0.130724695500359
5.28415884333803 -0.367724061669102 -0.164130270351507 -0.133031867757079
5.29044202864521 -0.368723636579908 -0.154044305739324 -0.135345519617143
5.29672521395239 -0.369616089815948 -0.12839403414555 -0.137665170918669
5.30300839925957 -0.370336478065611 -0.100912667612763 -0.139989890880012
5.30929158456675 -0.370884195796854 -0.0734313010799807 -0.142318594713755
5.31557476987393 -0.371259243009677 -0.0459499345471983 -0.144650197499104
5.32185795518111 -0.371461619704079 -0.0184685680144119 -0.146983614315161
5.32814114048829 -0.371491325880062 0.00901279851837056 -0.149317760241027
5.33442432579547 -0.371348361537625 0.0364941650511531 -0.151651550355868
5.34070751110265 -0.371032726676768 0.0639755315839394 -0.153983899738846
5.34699069640983 -0.370544421297491 0.0914568981167258 -0.156313723469093
5.35327388171701 -0.369883445399793 0.118938264649508 -0.158639936625674
5.35955706702419 -0.369049798983676 0.146419631182291 -0.160961454287817
5.36584025233137 -0.368043482049139 0.173900997715077 -0.163277191534562
5.37212343763855 -0.366864494596182 0.20138236424786 -0.165586063445132
5.37840662294573 -0.365512836624804 0.228863730780646 -0.167886985098619
5.38468980825291 -0.363988508135007 0.256345097313429 -0.170178871574186
5.39097299356009 -0.36229150912679 0.283826463846215 -0.172460637950942
5.39725617886726 -0.360421839600153 0.311307830378997 -0.174731199308028
5.40353936417444 -0.358379499555096 0.33878919691178 -0.176989470724568
5.40982254948162 -0.356164488991618 0.366270563444562 -0.179234367279723
5.4161057347888 -0.353776807909721 0.393751929977353 -0.181464804052639
5.42238892009598 -0.351216456309403 0.421233296510135 -0.183679696122404
5.42867210540316 -0.348483434190666 0.448714663042918 -0.185877958568171
5.43495529071034 -0.345577741553509 0.476196029575704 -0.188058506469121
5.44123847601752 -0.342499378397932 0.503677396108486 -0.190220254904317
5.4475216613247 -0.339248344723935 0.531158762641269 -0.192362118952945
5.45380484663188 -0.335824640531517 0.558640129174055 -0.19448301369417
5.46008803193906 -0.332228265820679 0.586121495706842 -0.196581854207013
5.46637121724624 -0.328459220591422 0.613602862239624 -0.19865755557073
5.47265440255342 -0.324517504843745 0.641084228772407 -0.200709032864405
5.4789375878606 -0.320403118577648 0.668565595305189 -0.202735201167151
5.48522077316778 -0.31611606179313 0.696046961837976 -0.204734975558131
5.49150395847496 -0.311656334490193 0.723528328370762 -0.206707271116523
5.49778714378214 -0.307023936668835 0.751009694903544 -0.208651002921382
5.50407032908932 -0.302218868329058 0.778491061436331 -0.210565086051874
5.5103535143965 -0.297241129470861 0.805972427969113 -0.212448435587149
5.51663669970368 -0.292090720094244 0.833453794501896 -0.214299966606359
5.52291988501086 -0.286767640199206 0.860935161034678 -0.21611859418859
5.52920307031804 -0.281271889785748 0.888416527567468 -0.217903233413024
5.53548625562522 -0.275603468853871 0.915897894100251 -0.219652799358764
5.54176944093239 -0.269762377403574 0.943379260633033 -0.221366207104959
5.54805262623957 -0.263748615434857 0.970860627165816 -0.223042371730733
5.55433581154675 -0.257562182947719 0.998341993698602 -0.224680208315223
5.56061899685393 -0.251203079942162 1.02582336023138 -0.226278631937606
5.56690218216111 -0.244671306418184 1.05330472676417 -0.227836557676965
5.57318536746829 -0.237966862375786 1.08078609329696 -0.229352900612478
5.57946855277547 -0.231089747814969 1.10826745982974 -0.230826575823225
5.58575173808265 -0.224039962735732 1.13574882636252 -0.232256498388404
5.59203492338983 -0.216817507138075 1.16323019289531 -0.233641583387107
5.59831810869701 -0.209422381021997 1.19071155942809 -0.234980745898485
5.60460129400419 -0.201854584387499 1.21819292596088 -0.236272901001689
5.61088447931137 -0.194114117234582 1.24567429249366 -0.237516963775816
5.61716766461855 -0.186200979563245 1.27315565902644 -0.238711849300044
5.62345084992573 -0.178119046693782 1.29594952506323 -0.239856474789402
5.62973403523291 -0.169945980044912 1.30561838971122 -0.240949985129676
5.63601722054009 -0.161712162127749 1.31528725435921 -0.241991951721915
5.64230040584727 -0.15341759294229 1.3249561190072 -0.242981992854659
5.64858359115445 -0.14506227248854 1.33462498365519 -0.243919726816431
5.65486677646163 -0.136646200766497 1.34429384830318 -0.244804771895745
5.66114996176881 -0.12816937777616 1.35396271295117 -0.245636746381158
5.66743314707599 -0.119631803517529 1.36363157759916 -0.246415268561139
5.67371633238317 -0.111033477990606 1.37330044224714 -0.247139956724257
5.67999951769035 -0.102374401195388 1.38296930689513 -0.247810429159016
5.68628270299753 -0.0936545731318779 1.39263817154312 -0.248426304153935
5.69256588830471 -0.0848739938000733 1.40230703619111 -0.248987199997562
5.69884907361188 -0.0760326631999767 1.4119759008391 -0.249492734978396
5.70513225891906 -0.0671305813315867 1.42164476548709 -0.249942527384966
5.71141544422624 -0.058167748194902 1.43131363013508 -0.250336195505801
5.71769862953342 -0.049144163789924 1.44098249478307 -0.250673357629432
5.7239818148406 -0.040059828116654 1.45065135943106 -0.250953632044371
5.73026500014778 -0.0309147411750906 1.46032022407905 -0.251176637039131
5.73654818545496 -0.0217089029652325 1.46998908872704 -0.251341990902255
5.74283137076214 -0.0124423134870824 1.47965795337502 -0.251449311922257
5.74911455606932 -0.00311497274063893 1.48932681802301 -0.251498218387674
5.7553977413765 0.00627311927409923 1.498995682671 -0.25148832858701
5.76168092668368 0.0157219625571307 1.50866454731899 -0.25141926080881
5.76796411199086 0.0252315571084542 1.51833341196698 -0.251290633341574
5.77424729729804 0.0348019029280711 1.52800227661497 -0.251102064473841
5.78053048260522 0.0444330000159826 1.53767114126296 -0.250853172494152
5.7868136679124 0.0541248483721862 1.54734000591095 -0.250543575690979
5.79309685321958 0.0638774479966845 1.55700887055894 -0.250172892352896
5.79938003852676 0.0736907988894748 1.56667773520692 -0.249740740768397
5.80566322383394 0.0835649010505597 1.57634659985491 -0.249246739226018
5.81194640914112 0.0934997544799367 1.5860154645029 -0.24869050601429
5.8182295944483 0.103495359177607 1.59568432915089 -0.248071659421714
5.82451277975548 0.113551715143571 1.60535319379888 -0.247389817736833
5.83079596506266 0.123668822377831 1.61502205844687 -0.24664459924817
5.83707915036984 0.133846680880381 1.62469092309486 -0.24583562224423
5.84336233567702 0.144085290651225 1.63435978774285 -0.244962505013571
5.8496455209842 0.154384651690363 1.64402865239084 -0.244024865844673
5.85592870629137 0.164744763997793 1.65369751703883 -0.243022323026093
5.86221189159855 0.175165627573517 1.66336638168681 -0.241954494846352
5.86849507690573 0.185647242417536 1.6730352463348 -0.240820999593943
5.87477826221291 0.196189608529848 1.68270411098279 -0.239621455557433
5.88106144752009 0.206792725910452 1.69237297563078 -0.238355481025317
5.88734463282727 0.217456594559349 1.70204184027877 -0.237022694286137
5.89362781813445 0.228181214476539 1.71171070492676 -0.235622713628389
5.89991100344163 0.238966585662024 1.72137956957475 -0.234155157340632
5.90619418874881 0.249812708115803 1.73104843422274 -0.232619643711355
5.91247737405599 0.260719581837874 1.74071729887073 -0.231015791029108
5.91876055936317 0.271687206828239 1.75038616351872 -0.229343217582409
5.92504374467035 0.282715583086896 1.76005502816671 -0.227601541659763
5.93132692997753 0.293804710613847 1.76972389281469 -0.225790381549723
5.93761011528471 0.304954589409091 1.77939275746268 -0.223909355540798
5.94389330059189 0.316165219472631 1.78906162211067 -0.221958081921495
5.95017648589907 0.327436600804462 1.79873048675866 -0.21993617898036
5.95645967120625 0.338767040702396 1.80754624532438 -0.217843267244986
5.96274285651343 0.350150320836861 1.81586435867543 -0.215678996888538
5.96902604182061 0.361585865218917 1.82418247202649 -0.213443039080628
5.97530922712779 0.373073673848563 1.83250058537755 -0.211135065435298
5.98159241243497 0.384613746725802 1.8408186987286 -0.208754747566604
5.98787559774215 0.396206083850631 1.84913681207966 -0.206301757088583
5.99415878304933 0.40785068522305 1.85745492543072 -0.203775765615295
6.0004419683565 0.419547550843059 1.86577303878177 -0.201176444760764
6.00672515366368 0.431296680710659 1.87409115213283 -0.198503466139065
6.01300833897086 0.443098074825852 1.88240926548388 -0.195756501364223
6.01929152427804 0.454951733188635 1.89072737883494 -0.192935222050312
6.02557470958522 0.466857655799008 1.899045492186 -0.190039299811354
6.0318578948924 0.478815842656971 1.90736360553705 -0.187068406261407
6.03814108019958 0.490826293762527 1.91568171888811 -0.184022213014508
6.04442426550676 0.502889009115672 1.92399983223916 -0.180900391684731
6.05070745081394 0.515003988716408 1.93231794559022 -0.177702613886091
6.05699063612112 0.527171232564738 1.94063605894128 -0.174428551232665
6.0632738214283 0.539390740660655 1.94895417229233 -0.171077875338466
6.06955700673548 0.551662513004163 1.95727228564339 -0.167650257817578
6.07584019204266 0.563986549595262 1.96559039899444 -0.164145370284035
6.08212337734984 0.576362850433954 1.9739085123455 -0.160562884351865
6.08840656265702 0.588791415520234 1.98222662569656 -0.156902471635142
6.0946897479642 0.601272244854107 1.99054473904761 -0.1531638037479
6.10097293327138 0.613805338435572 1.99886285239867 -0.149346552304191
6.10725611857856 0.626390696264625 2.00718096574973 -0.145450388918068
6.11353930388574 0.639028318341268 2.01549907910078 -0.141474985203565
6.11982248919292 0.651718204665503 2.02381719245184 -0.137420012774732
6.1261056745001 0.66446035523733 2.03213530580289 -0.133285143245625
6.13238885980728 0.677254770056748 2.04045341915395 -0.129070048230285
6.13867204511446 0.690101449123755 2.04877153250501 -0.124774399342765
6.14495523042164 0.703000392438353 2.05708964585606 -0.120397868197105
6.15123841572882 0.715951600000544 2.06540775920712 -0.115940126407363
6.15752160103599 0.728955071810323 2.07372587255818 -0.111400845587569
6.16380478634317 0.742010807867693 2.08204398590923 -0.106779697351789
6.17008797165035 0.755118808172658 2.09036209926029 -0.102076353314058
6.17637115695753 0.76827907272521 2.09868021261134 -0.0972904850884375
6.18265434226471 0.781491601525353 2.1069983259624 -0.0924217642889578
6.18893752757189 0.794756394573086 2.11531643931346 -0.0874698625296726
6.19522071287907 0.808073451868413 2.12363455266451 -0.082434451424644
6.20150389818625 0.821442773411328 2.13195266601557 -0.077315202587886
6.20778708349343 0.834864359201836 2.14027077936663 -0.0721117876334794
6.21407026880061 0.848338209239932 2.14858889271768 -0.0668238781754522
6.22035345410779 0.861864323525622 2.15690700606874 -0.0614511458278684
6.22663663941497 0.8754427020589 2.16522511941979 -0.0559932622047579
6.23291982472215 0.889073344839769 2.17354323277085 -0.0504498989201747
6.23920301002933 0.902756251868231 2.18186134612191 -0.0448207275881711
6.24548619533651 0.916491423144284 2.19017945947296 -0.0391054198227772
6.25176938064369 0.930278858667926 2.19849757282402 -0.0333036472380717
6.25805256595087 0.944118558439158 2.20681568617507 -0.0274150814480723
6.26433575125805 0.958010522457983 2.21513379952613 -0.0214393940668409
6.27061893656523 0.971954750724397 2.22345191287719 -0.0153762567084255
6.27690212187241 0.985951243238402 2.23177002622824 -0.00922534098687278
