0 1
0.330693963535768 1.5600299543903
0.661387927071535 1.75854077533572
0.992081890607303 1.46272148477748
1.32277585414307 0.721432880177873
1.65346981767884 -0.247173935753066
1.98416378121461 -1.1374193353261
2.31485774475037 -1.67386606463241
2.64555170828614 -1.71664022946902
2.97624567182191 -1.31106077260741
3.30693963535768 -0.661661834198039
3.63763359889344 -0.0423072729439613
3.96832756242921 0.319302921380929
4.29902152596498 0.334028486020162
4.62971548950075 0.082015244808402
4.96040945303652 -0.230461905896274
5.29110341657228 -0.368825168532631
5.62179738010805 -0.180259756542936
5.95249134364382 0.331604529010966
6.28318530717959 1
