-5 -0.99978970484233
-4.98998998998999 -0.999785151928845
-4.97997997997998 -0.999780519065652
-4.96996996996997 -0.999775805377722
-4.95995995995996 -0.999771009996262
-4.94994994994995 -0.999766132059327
-4.93993993993994 -0.999761170712449
-4.92992992992993 -0.999756125109285
-4.91991991991992 -0.999750994412277
-4.90990990990991 -0.999745777793324
-4.8998998998999 -0.999740474434479
-4.88988988988989 -0.999735083528651
-4.87987987987988 -0.999729604280331
-4.86986986986987 -0.999724142305881
-4.85985985985986 -0.99971848300881
-4.84984984984985 -0.999712733063262
-4.83983983983984 -0.999706891727652
-4.82982982982983 -0.99970095827582
-4.81981981981982 -0.999694931997845
-4.80980980980981 -0.999688812200878
-4.7997997997998 -0.999993894406348
-4.78978978978979 -0.999996202051666
-4.77977977977978 -0.999996107048108
-4.76976976976977 -0.999996012417104
-4.75975975975976 -0.999995918163197
-4.74974974974975 -0.999995824290785
-4.73973973973974 -0.99999573080411
-4.72972972972973 -0.999995637707246
-4.71971971971972 -0.999995545004088
-4.70970970970971 -1.00000076117798
-4.6996996996997 -1.00000070781792
-4.68968968968969 -1.00000065446202
-4.67967967967968 -1.00000060109789
-4.66966966966967 -1.00000054771286
-4.65965965965966 -1.00000095467147
-4.64964964964965 -1.0000008989127
-4.63963963963964 -1.00000092067558
-4.62962962962963 -1.00000090063008
-4.61961961961962 -1.0000008439153
-4.60960960960961 -1.00000078703106
-4.5995995995996 -1.00000072996303
-4.58958958958959 -1.00000067269659
-4.57957957957958 -1.00000061521678
-4.56956956956957 -1.00000055750835
-4.55955955955956 -1.0000004995557
-4.54954954954955 -1.0000004413429
-4.53953953953954 -1.00000043969829
-4.52952952952953 -1.00000038062899
-4.51951951951952 -1.00000032124598
-4.50950950950951 -1.00000026153207
-4.4994994994995 -1.00000020146966
-4.48948948948949 -1.00000014104083
-4.47947947947948 -1.00000008022727
-4.46946946946947 -1.00000001901032
-4.45945945945946 -0.999999957370908
-4.44944944944945 -0.999999895289622
-4.43943943943944 -0.999999832746646
-4.42942942942943 -0.999999769721778
-4.41941941941942 -0.999999706194425
-4.40940940940941 -0.999999642143597
-4.3993993993994 -0.999999577547905
-4.38938938938939 -0.999999512385554
-4.37937937937938 -0.999999446634347
-4.36936936936937 -0.999999380271673
-4.35935935935936 -0.999999313274511
-4.34934934934935 -0.999999245619423
-4.33933933933934 -0.999999177282554
-4.32932932932933 -0.999999108239628
-4.31931931931932 -0.99999903846595
-4.30930930930931 -0.999998967936398
-4.2992992992993 -0.999998896625426
-4.28928928928929 -0.999998824507062
-4.27927927927928 -0.999998751554907
-4.26926926926927 -0.999998677742134
-4.25925925925926 -0.999998603041487
-4.24924924924925 -0.999998527425281
-4.23923923923924 -0.999998450865404
-4.22922922922923 -0.999998373333316
-4.21921921921922 -0.999998294800046
-4.20920920920921 -0.999998215236201
-4.1991991991992 -0.99999813461196
-4.18918918918919 -0.999998052897077
-4.17917917917918 -0.999997970060883
-4.16916916916917 -0.999997886072291
-4.15915915915916 -0.999997064304403
-4.14914914914915 -0.999996994703209
-4.13913913913914 -0.999996923611764
-4.12912912912913 -0.9999968509993
-4.11911911911912 -0.999996776834638
-4.10910910910911 -0.999996701086189
-4.0990990990991 -0.999996623721957
-4.08908908908909 -0.999996544709535
-4.07907907907908 -0.999996464016115
-4.06906906906907 -0.999996381608481
-4.05905905905906 -0.999996297453012
-4.04904904904905 -0.999996211515685
-4.03903903903904 -0.99999612376207
-4.02902902902903 -0.999996034157331
-4.01901901901902 -0.999995942666226
-4.00900900900901 -0.999995849253099
-3.998998998999 -0.99999575388188
-3.98898898898899 -0.999995656516079
-3.97897897897898 -0.99999555711878
-3.96896896896897 -0.99999545565263
-3.95895895895896 -0.999995352079834
-3.94894894894895 -0.999995246362138
-3.93893893893894 -0.999995138460821
-3.92892892892893 -0.999995028336671
-3.91891891891892 -0.999994915949976
-3.90890890890891 -0.999994801260494
-3.8988988988989 -0.99999468422743
-3.88888888888889 -0.999994564809412
-3.87887887887888 -0.999994442964452
-3.86886886886887 -0.999994318649915
-3.85885885885886 -1.00001864341305
-3.84884884884885 -1.00001802997688
-3.83883883883884 -1.00001742023999
-3.82882882882883 -1.00001681411797
-3.81881881881882 -1.00001621152522
-3.80880880880881 -1.00001558195293
-3.7987987987988 -1.00001498646019
-3.78878878878879 -1.00001439423029
-3.77877877877878 -1.00001380517202
-3.76876876876877 -1.00001321919254
-3.75875875875876 -1.00001263619729
-3.74874874874875 -1.00001205608989
-3.73873873873874 -1.00001147877198
-3.72872872872873 -1.0000109041431
-3.71871871871872 -1.00001033210053
-3.70870870870871 -0.999991928126223
-3.6986986986987 -0.999991754669921
-3.68868868868869 -0.999991577785417
-3.67867867867868 -0.999991397401735
-3.66866866866867 -0.999991213444843
-3.65865865865866 -0.999991731048207
-3.64864864864865 -0.999991672519067
-3.63863863863864 -0.999991462047423
-3.62862862862863 -0.999991247802302
-3.61861861861862 -0.999991029690489
-3.60860860860861 -0.999990807613796
-3.5985985985986 -0.999990581468645
-3.58858858858859 -0.999990351145638
-3.57857857857858 -0.999990116529082
-3.56856856856857 -0.999989845884777
-3.55855855855856 -0.999989602720555
-3.54854854854855 -0.999991679240676
-3.53853853853854 -0.999991432851091
-3.52852852852853 -0.999991180950698
-3.51851851851852 -0.999990923366048
-3.50850850850851 -0.999990659913264
-3.4984984984985 -0.999990390397251
-3.48848848848849 -0.99999011461085
-3.47847847847848 -0.999989800632825
-3.46846846846847 -0.999989512081986
-3.45845845845846 -0.999989216552457
-3.44844844844845 -0.999988913779236
-3.43843843843844 -0.99998860348012
-3.42842842842843 -0.999988285354475
-3.41841841841842 -0.99998795908193
-3.40840840840841 -0.999987624320984
-3.3983983983984 -0.999987280707537
-3.38838838838839 -0.999986927853324
-3.37837837837838 -0.999986565344254
-3.36836836836837 -0.999986192738663
-3.35835835835836 -0.999985809565445
-3.34834834834835 -0.999985415322088
-3.33833833833834 -0.999985009472589
-3.32832832832833 -0.999984591445252
-3.31831831831832 -0.999984160630356
-3.30830830830831 -0.999983716377697
-3.2982982982983 -0.999983257993985
-3.28828828828829 -0.999982784740101
-3.27827827827828 -0.9999822958282
-3.26826826826827 -0.999981790418651
-3.25825825825826 -0.999981267616822
-3.24824824824825 -0.999980726469677
-3.23823823823824 -0.999980165962196
-3.22822822822823 -0.99997958501361
-3.21821821821822 -0.999978982473425
-3.20820820820821 -0.999978357117252
-3.1981981981982 -0.999977707642401
-3.18818818818819 -0.999977032663268
-3.17817817817818 -0.999991892411573
-3.16816816816817 -0.999991396562496
-3.15815815815816 -0.999990869662178
-3.14814814814815 -0.999990309775305
-3.13813813813814 -0.999989714853565
-3.12812812812813 -0.999989082729548
-3.11811811811812 -0.999988411110349
-3.10810810810811 -0.99998804556154
-3.0980980980981 -0.999987281053792
-3.08808808808809 -0.999986469420253
-3.07807807807808 -0.999985607795844
-3.06806806806807 -0.999984693153062
-3.05805805805806 -0.99998372229351
-3.04804804804805 -0.999982691839039
-3.03803803803804 -0.999981598222465
-3.02802802802803 -0.999980437677873
-3.01801801801802 -0.99997920623046
-3.00800800800801 -0.999977899685923
-2.997997997998 -0.999976513619362
-2.98798798798799 -0.999975043363687
-2.97797797797798 -1.0053182259119
-2.96796796796797 -0.999971830332441
-2.95795795795796 -0.999970076899978
-2.94794794794795 -0.999968217937609
-2.93793793793794 -0.999966247374472
-2.92792792792793 -0.999964158816324
-2.91791791791792 -0.999961945529883
-2.90790790790791 -0.999959600426493
-2.8978978978979 -0.999957116045103
-2.88788788788789 -0.999954484534524
-2.87787787787788 -0.999951697634955
-2.86786786786787 -0.999948746658731
-2.85785785785786 -0.99994562247029
-2.84784784784785 -0.999942315465312
-2.83783783783784 -0.999938815549019
-2.82782782782783 -0.999935112113602
-2.81781781781782 -0.999931194014746
-2.80780780780781 -0.999927049547224
-2.7977977977978 -0.999922880320517
-2.78778778778779 -0.999918241840123
-2.77777777777778 -0.999913338280712
-2.76776776776777 -0.99990815543034
-2.75775775775776 -0.99990267837914
-2.74774774774775 -0.999896891488714
-2.73773773773774 -0.99989175402117
-2.72772772772773 -0.999885291088219
-2.71771771771772 -0.999878466323023
-2.70770770770771 -0.999871260845618
-2.6976976976977 -0.999863654877059
-2.68768768768769 -0.999855627701462
-2.67767767767768 -0.999847157626709
-2.66766766766767 -0.999838221943779
-2.65765765765766 -0.999828796884665
-2.64764764764765 -0.999818857578848
-2.63763763763764 -0.999808378008289
-2.62762762762763 -0.999797330960912
-2.61761761761762 -0.999785833666564
-2.60760760760761 -0.999773562803517
-2.5975975975976 -0.999760698734179
-2.58758758758759 -0.999747082110147
-2.57757757757758 -0.99973274226945
-2.56756756756757 -0.999717643770907
-2.55755755755756 -0.999701749608344
-2.54754754754755 -0.999685125007143
-2.53753753753754 -0.999667520932995
-2.52752752752753 -0.999649000159158
-2.51751751751752 -0.999629518803182
-2.50750750750751 -0.999609031099705
-2.4974974974975 -0.999587489331148
-2.48748748748749 -0.999564843756439
-2.47747747747748 -0.999541042537725
-2.46746746746747 -0.999516031665058
-2.45745745745746 -0.999489754879017
-2.44744744744745 -0.999462153591243
-2.43743743743744 -0.999435853135325
-2.42742742742743 -0.999405339789925
-2.41741741741742 -0.999373312847777
-2.40740740740741 -0.999339703556598
-2.3973973973974 -0.999304440405492
-2.38738738738739 -0.999267449032531
-2.37737737737738 -0.999228652130104
-2.36736736736737 -0.999187969348037
-2.35735735735736 -0.999145317194471
-2.34734734734735 -0.999100608934478
-2.33733733733734 -0.999053754486426
-2.32732732732733 -0.999004660316079
-2.31731731731732 -0.998953229328437
-2.30730730730731 -0.998899360757317
-2.2972972972973 -0.998842950052674
-2.28728728728729 -0.998783888765679
-2.27727727727728 -0.998722064431572
-2.26726726726727 -0.998657360450272
-2.25725725725726 -0.998589655964813
-2.24724724724725 -0.998518825737574
-2.23723723723724 -0.998444740024373
-2.22722722722723 -0.998367264446424
-2.21721721721722 -0.998286208062202
-2.20720720720721 -0.998201531156932
-2.1971971971972 -0.9981130321306
-2.18718718718719 -0.998020556744075
-2.17717717717718 -0.997923945452855
-2.16716716716717 -0.99782303326712
-2.15715715715716 -0.997717649609979
-2.14714714714715 -0.997607618173981
-2.13713713713714 -0.99749275677595
-2.12712712712713 -0.997372877210242
-2.11711711711712 -0.997247785100468
-2.10710710710711 -0.997117279749808
-2.0970970970971 -0.996981452142743
-2.08708708708709 -0.996839483239625
-2.07707707707708 -0.996691459468858
-2.06706706706707 -0.996537153338723
-2.05705705705706 -0.996376330270682
-2.04704704704705 -0.996208748443211
-2.03703703703704 -0.996034158634953
-2.02702702702703 -0.995852304067337
-2.01701701701702 -0.995662864341988
-2.00700700700701 -0.995465680167618
-1.996996996997 -0.99526041395455
-1.98698698698699 -0.99504677711593
-1.97697697697698 -0.994824472717753
-1.96696696696697 -0.994593195321365
-1.95695695695696 -0.994352240119746
-1.94694694694695 -0.994102032770045
-1.93693693693694 -0.993867129213232
-1.92692692692693 -0.993595771592545
-1.91691691691692 -0.993313805265218
-1.90690690690691 -0.993020870208241
-1.8968968968969 -0.992716596812878
-1.88688688688689 -0.992400605737423
-1.87687687687688 -0.992072507762171
-1.86686686686687 -0.991731903646818
-1.85685685685686 -0.991378383990552
-1.84684684684685 -0.991011529095067
-1.83683683683684 -0.990630908830752
-1.82682682682683 -0.990221042661039
-1.81681681681682 -0.989812254300491
-1.80680680680681 -0.989388325243963
-1.7967967967968 -0.988948782717753
-1.78678678678679 -0.988493142906589
-1.77677677677678 -0.988020910844247
-1.76676676676677 -0.987531580309267
-1.75675675675676 -0.987024633726051
-1.74674674674675 -0.986499542071641
-1.73673673673674 -0.985955764788488
-1.72672672672673 -0.985392749703496
-1.71671671671672 -0.984809932953668
-1.70670670670671 -0.984206738918651
-1.6966966966967 -0.983582580160497
-1.68668668668669 -0.982936857370951
-1.67667667667668 -0.982268959326587
-1.66666666666667 -0.981578262852108
-1.65665665665666 -0.980864132792125
-1.64664664664665 -0.98012592199174
-1.63663663663664 -0.979363436081321
-1.62662662662663 -0.978575059178042
-1.61661661661662 -0.977760588274403
-1.60660660660661 -0.976919328214445
-1.5965965965966 -0.976050571888415
-1.58658658658659 -0.975153600272842
-1.57657657657658 -0.974227682481611
-1.56656656656657 -0.97327207582837
-1.55655655655656 -0.972286025900548
-1.54654654654655 -0.971268766645303
-1.53653653653654 -0.970219520467678
-1.52652652652653 -0.969137498341263
-1.51651651651652 -0.968021899931643
-1.50650650650651 -0.966871913732898
-1.4964964964965 -0.965687009881308
-1.48648648648649 -0.969745667061436
-1.47647647647648 -0.963207624892827
-1.46646646646647 -0.961911746286543
-1.45645645645646 -0.960577260589121
-1.44644644644645 -0.959203413356949
-1.43643643643644 -0.957789079241712
-1.42642642642643 -0.956333679963078
-1.41641641641642 -0.954835915805239
-1.40640640640641 -0.953295074101368
-1.3963963963964 -0.951710233472986
-1.38638638638639 -0.950080464114752
-1.37637637637638 -0.94840482812156
-1.36636636636637 -0.946682379831475
-1.35635635635636 -0.944912166184641
-1.34634634634635 -0.943093227098217
-1.33633633633634 -0.941224595857419
-1.32632632632633 -0.939305220729161
-1.31631631631632 -0.937334281318913
-1.30630630630631 -0.935310714047697
-1.2962962962963 -0.933233529901431
-1.28628628628629 -0.93110173543206
-1.27627627627628 -0.92891433324556
-1.26626626626627 -0.926670322505982
-1.25625625625626 -0.924368699455439
-1.24624624624625 -0.922011597622978
-1.23623623623624 -0.919591559544141
-1.22622622622623 -0.9171108918491
-1.21621621621622 -0.914568584527976
-1.20620620620621 -0.911963627478285
-1.1961961961962 -0.909295011117677
-1.18618618618619 -0.906561727011345
-1.17617617617618 -0.903762768513832
-1.16616616616617 -0.900897131424924
-1.15615615615616 -0.89796381465932
-1.14614614614615 -0.894961721032032
-1.13613613613614 -0.891890061388439
-1.12612612612613 -0.888747744290195
-1.11611611611612 -0.885533788072409
-1.10610610610611 -0.882247217726867
-1.0960960960961 -0.878886965743283
-1.08608608608609 -0.875452276910419
-1.07607607607608 -0.871942096201622
-1.06606606606607 -0.868355482785605
-1.05605605605606 -0.864691506310701
-1.04604604604605 -0.860949247697482
-1.03603603603604 -0.857127799939335
-1.02602602602603 -0.853226268910353
-1.01601601601602 -0.849243774179874
-1.00600600600601 -0.845179449832988
-0.995995995995996 -0.841032445296314
-0.985985985985986 -0.836803054911241
-0.975975975975976 -0.832513404594324
-0.965965965965966 -0.828111452903215
-0.955955955955956 -0.823623687556508
-0.945945945945946 -0.819049344853912
-0.935935935935936 -0.814387681380271
-0.925925925925926 -0.809637974855018
-0.915915915915916 -0.80479952498047
-0.905905905905906 -0.799871654288061
-0.895895895895896 -0.794841117152854
-0.885885885885886 -0.789733671166874
-0.875875875875876 -0.784534841419065
-0.865865865865866 -0.779244052868375
-0.855855855855856 -0.773860757483796
-0.845845845845846 -0.768384435052005
-0.835835835835836 -0.76281459397663
-0.825825825825826 -0.757150772068179
-0.815815815815816 -0.751392537323667
-0.805805805805806 -0.745539488694983
-0.795795795795796 -0.739591256845044
-0.785785785785786 -0.733547504890743
-0.775775775775776 -0.727407929131751
-0.765765765765765 -0.721172259764189
-0.755755755755755 -0.714840261578221
-0.745745745745745 -0.708411734638604
-0.735735735735735 -0.70188651494724
-0.725725725725725 -0.695264475086793
-0.715715715715715 -0.688545524844429
-0.705705705705705 -0.681729611814758
-0.695695695695695 -0.674816721981051
-0.685685685685685 -0.667806880273849
-0.675675675675675 -0.660700151106058
-0.665665665665665 -0.653496638883673
-0.655655655655655 -0.646196488491266
-0.645645645645645 -0.638799717234004
-0.635635635635635 -0.631306900308369
-0.625625625625625 -0.62371812670015
-0.615615615615615 -0.616033530065161
-0.605605605605605 -0.608253832773824
-0.595595595595595 -0.600379239138165
-0.585585585585585 -0.592410188747649
-0.575575575575575 -0.584347164549672
-0.565565565565565 -0.576190693073042
-0.555555555555555 -0.567941344618945
-0.545545545545545 -0.559599733418844
-0.535535535535535 -0.551166517758748
-0.525525525525525 -0.542642400069368
-0.515515515515515 -0.53402812698168
-0.505505505505505 -0.525324489347466
-0.495495495495495 -0.516532322224443
-0.485485485485485 -0.50765250482562
-0.475475475475475 -0.498685960432565
-0.465465465465465 -0.489633656272319
-0.455455455455455 -0.480496603357708
-0.445445445445445 -0.471275856290871
-0.435435435435435 -0.461972513029844
-0.425425425425425 -0.452587714618111
-0.415415415415415 -0.443122644877041
-0.405405405405405 -0.433578530061198
-0.395395395395395 -0.423956638476564
-0.385385385385385 -0.414258280061718
-0.375375375375375 -0.404484805932119
-0.365365365365365 -0.394637325338628
-0.355355355355355 -0.384717865560242
-0.345345345345345 -0.374727270396371
-0.335335335335335 -0.364667718296039
-0.325325325325325 -0.35454039850857
-0.315315315315315 -0.34434689802242
-0.305305305305305 -0.334088840794703
-0.295295295295295 -0.323767887007804
-0.285285285285285 -0.313385732292305
-0.275275275275275 -0.302944106916803
-0.265265265265265 -0.292444774945234
-0.255255255255255 -0.281889533362365
-0.245245245245245 -0.271280211168154
-0.235235235235235 -0.26061866844172
-0.225225225225225 -0.2499067953757
-0.215215215215215 -0.239146511281826
-0.205205205205205 -0.228339763568566
-0.195195195195195 -0.217488526691736
-0.185185185185185 -0.206594359890515
-0.175175175175175 -0.195660276214995
-0.165165165165165 -0.184687757197424
-0.155155155155155 -0.173678877691089
-0.145145145145145 -0.162635733660225
-0.135135135135135 -0.151560440997343
-0.125125125125125 -0.140455134322713
-0.115115115115115 -0.12932196576709
-0.105105105105105 -0.118163103738705
-0.0950950950950951 -0.106980731675657
-0.0850850850850851 -0.095777046784765
-0.075075075075075 -0.0845542587680388
-0.065065065065065 -0.0733145885378782
-0.055055055055055 -0.0620602669221633
-0.045045045045045 -0.0507935333603917
-0.035035035035035 -0.0395166345920364
-0.025025025025025 -0.0282318233383035
-0.015015015015015 -0.0169413569784816
-0.005005005005005 -0.0056474962220751
0.005005005005005 0.0056474962220751
0.015015015015015 0.0169413569784816
0.025025025025025 0.0282318233383035
0.035035035035035 0.0395166345920364
0.045045045045045 0.0507935333603917
0.055055055055055 0.0620602669221633
0.065065065065065 0.0733145885378782
0.075075075075075 0.0845542587680388
0.0850850850850851 0.095777046784765
0.0950950950950951 0.106980731675657
0.105105105105105 0.118163103738705
0.115115115115115 0.12932196576709
0.125125125125125 0.140455134322713
0.135135135135135 0.151560440997343
0.145145145145145 0.162635733660225
0.155155155155155 0.173678877691089
0.165165165165165 0.184687757197424
0.175175175175175 0.195660276214995
0.185185185185185 0.206594359890515
0.195195195195195 0.217488526691736
0.205205205205205 0.228339763568566
0.215215215215215 0.239146511281826
0.225225225225225 0.2499067953757
0.235235235235235 0.26061866844172
0.245245245245245 0.271280211168154
0.255255255255255 0.281889533362365
0.265265265265265 0.292444774945234
0.275275275275275 0.302944106916803
0.285285285285285 0.313385732292305
0.295295295295295 0.323767887007804
0.305305305305305 0.334088840794703
0.315315315315315 0.34434689802242
0.325325325325325 0.35454039850857
0.335335335335335 0.364667718296039
0.345345345345345 0.374727270396371
0.355355355355355 0.384717865560242
0.365365365365365 0.394637325338628
0.375375375375375 0.404484805932119
0.385385385385385 0.414258280061718
0.395395395395395 0.423956638476564
0.405405405405405 0.433578530061198
0.415415415415415 0.443122644877041
0.425425425425425 0.452587714618111
0.435435435435435 0.461972513029844
0.445445445445445 0.471275856290871
0.455455455455455 0.480496603357708
0.465465465465465 0.489633656272319
0.475475475475475 0.498685960432565
0.485485485485485 0.50765250482562
0.495495495495495 0.516532322224443
0.505505505505505 0.525324489347466
0.515515515515515 0.53402812698168
0.525525525525525 0.542642400069368
0.535535535535535 0.551166517758748
0.545545545545545 0.559599733418844
0.555555555555555 0.567941344618945
0.565565565565565 0.576190693073042
0.575575575575575 0.584347164549672
0.585585585585585 0.592410188747649
0.595595595595595 0.600379239138165
0.605605605605605 0.608253832773824
0.615615615615615 0.616033530065161
0.625625625625625 0.62371812670015
0.635635635635635 0.631306900308369
0.645645645645645 0.638799717234004
0.655655655655655 0.646196488491266
0.665665665665665 0.653496638883673
0.675675675675675 0.660700151106058
0.685685685685685 0.667806880273849
0.695695695695695 0.674816721981051
0.705705705705705 0.681729611814758
0.715715715715715 0.688545524844429
0.725725725725725 0.695264475086793
0.735735735735735 0.70188651494724
0.745745745745745 0.708411734638604
0.755755755755755 0.714840261578221
0.765765765765765 0.721172259764189
0.775775775775776 0.727407929131751
0.785785785785786 0.733547504890743
0.795795795795796 0.739591256845044
0.805805805805806 0.745539488694983
0.815815815815816 0.751392537323667
0.825825825825826 0.757150772068179
0.835835835835836 0.76281459397663
0.845845845845846 0.768384435052005
0.855855855855856 0.773860757483796
0.865865865865866 0.779244052868375
0.875875875875876 0.784534841419065
0.885885885885886 0.789733671166874
0.895895895895896 0.794841117152854
0.905905905905906 0.799871654288061
0.915915915915916 0.80479952498047
0.925925925925926 0.809637974855018
0.935935935935936 0.814387681380271
0.945945945945946 0.819049344853912
0.955955955955956 0.823623687556508
0.965965965965966 0.828111452903215
0.975975975975976 0.832513404594324
0.985985985985986 0.836803054911241
0.995995995995996 0.841032445296314
1.00600600600601 0.845179449832988
1.01601601601602 0.849243774179874
1.02602602602603 0.853226268910353
1.03603603603604 0.857127799939335
1.04604604604605 0.860949247697481
1.05605605605606 0.864691506310701
1.06606606606607 0.868355482785605
1.07607607607608 0.871942096201622
1.08608608608609 0.875452276910419
1.0960960960961 0.878886965743283
1.10610610610611 0.882247217726867
1.11611611611612 0.885533788072409
1.12612612612613 0.888747744290195
1.13613613613614 0.891890061388439
1.14614614614615 0.894961721032032
1.15615615615616 0.897963814659319
1.16616616616617 0.900897131424924
1.17617617617618 0.903762768513832
1.18618618618619 0.906561727011345
1.1961961961962 0.909295011117677
1.20620620620621 0.911963627478285
1.21621621621622 0.914568584527976
1.22622622622623 0.917110891849099
1.23623623623624 0.919591559544141
1.24624624624625 0.922011597622978
1.25625625625626 0.924368699455439
1.26626626626627 0.926670322505983
1.27627627627628 0.92891433324556
1.28628628628629 0.93110173543206
1.2962962962963 0.933233529901431
1.30630630630631 0.935310714047697
1.31631631631632 0.937334281318913
1.32632632632633 0.939305220729161
1.33633633633634 0.941224595857419
1.34634634634635 0.943093227098217
1.35635635635636 0.944912166184642
1.36636636636637 0.946682379831475
1.37637637637638 0.94840482812156
1.38638638638639 0.950080464114752
1.3963963963964 0.951710233472986
1.40640640640641 0.953295074101368
1.41641641641642 0.954835915805239
1.42642642642643 0.956333679963078
1.43643643643644 0.957789079241712
1.44644644644645 0.959203413356949
1.45645645645646 0.960577260589121
1.46646646646647 0.961911746286543
1.47647647647648 0.963207624892827
1.48648648648649 0.969745667061436
1.4964964964965 0.965687009881308
1.50650650650651 0.966871913732898
1.51651651651652 0.968021899931643
1.52652652652653 0.969137498341263
1.53653653653654 0.970219520467678
1.54654654654655 0.971268766645303
1.55655655655656 0.972286025900548
1.56656656656657 0.97327207582837
1.57657657657658 0.974227682481612
1.58658658658659 0.975153600272842
1.5965965965966 0.976050571888415
1.60660660660661 0.976919328214445
1.61661661661662 0.977760588274403
1.62662662662663 0.978575059178042
1.63663663663664 0.979363436081321
1.64664664664665 0.98012592199174
1.65665665665666 0.980864132792126
1.66666666666667 0.981578262852108
1.67667667667668 0.982268959326587
1.68668668668669 0.982936857370951
1.6966966966967 0.983582580160497
1.70670670670671 0.984206738918651
1.71671671671672 0.984809932953668
1.72672672672673 0.985392749703496
1.73673673673674 0.985955764788488
1.74674674674675 0.986499542071641
1.75675675675676 0.987024633726051
1.76676676676677 0.987531580309267
1.77677677677678 0.988020910844247
1.78678678678679 0.988493142906589
1.7967967967968 0.988948782717753
1.80680680680681 0.989388325243963
1.81681681681682 0.989812254300491
1.82682682682683 0.990221042661039
1.83683683683684 0.990630908830752
1.84684684684685 0.991011529095067
1.85685685685686 0.991378383990552
1.86686686686687 0.991731903646818
1.87687687687688 0.992072507762171
1.88688688688689 0.992400605737423
1.8968968968969 0.992716596812878
1.90690690690691 0.993020870208241
1.91691691691692 0.993313805265218
1.92692692692693 0.993595771592545
1.93693693693694 0.993867129213232
1.94694694694695 0.994102032770045
1.95695695695696 0.994352240119746
1.96696696696697 0.994593195321365
1.97697697697698 0.994824472717753
1.98698698698699 0.99504677711593
1.996996996997 0.99526041395455
2.00700700700701 0.995465680167618
2.01701701701702 0.995662864341988
2.02702702702703 0.995852304067337
2.03703703703704 0.996034158634953
2.04704704704705 0.996208748443211
2.05705705705706 0.996376330270682
2.06706706706707 0.996537153338723
2.07707707707708 0.996691459468858
2.08708708708709 0.996839483239625
2.0970970970971 0.996981452142743
2.10710710710711 0.997117279749808
2.11711711711712 0.997247785100468
2.12712712712713 0.997372877210242
2.13713713713714 0.99749275677595
2.14714714714715 0.997607618173981
2.15715715715716 0.997717649609979
2.16716716716717 0.99782303326712
2.17717717717718 0.997923945452855
2.18718718718719 0.998020556744075
2.1971971971972 0.9981130321306
2.20720720720721 0.998201531156932
2.21721721721722 0.998286208062202
2.22722722722723 0.998367264446424
2.23723723723724 0.998444740024373
2.24724724724725 0.998518825737574
2.25725725725726 0.998589655964813
2.26726726726727 0.998657360450272
2.27727727727728 0.998722064431572
2.28728728728729 0.998783888765679
2.2972972972973 0.998842950052674
2.30730730730731 0.998899360757317
2.31731731731732 0.998953229328437
2.32732732732733 0.999004660316079
2.33733733733734 0.999053754486426
2.34734734734735 0.999100608934478
2.35735735735736 0.999145317194471
2.36736736736737 0.999187969348037
2.37737737737738 0.999228652130104
2.38738738738739 0.999267449032531
2.3973973973974 0.999304440405492
2.40740740740741 0.999339703556598
2.41741741741742 0.999373312847777
2.42742742742743 0.999405339789925
2.43743743743744 0.999435853135325
2.44744744744745 0.999462153591243
2.45745745745746 0.999489754879017
2.46746746746747 0.999516031665058
2.47747747747748 0.999541042537725
2.48748748748749 0.999564843756439
2.4974974974975 0.999587489331148
2.50750750750751 0.999609031099705
2.51751751751752 0.999629518803182
2.52752752752753 0.999649000159158
2.53753753753754 0.999667520932995
2.54754754754755 0.999685125007143
2.55755755755756 0.999701749608344
2.56756756756757 0.999717643770907
2.57757757757758 0.99973274226945
2.58758758758759 0.999747082110147
2.5975975975976 0.999760698734179
2.60760760760761 0.999773562803517
2.61761761761762 0.999785833666564
2.62762762762763 0.999797330960912
2.63763763763764 0.999808378008289
2.64764764764765 0.999818857578848
2.65765765765766 0.999828796884665
2.66766766766767 0.999838221943779
2.67767767767768 0.999847157626709
2.68768768768769 0.999855627701462
2.6976976976977 0.999863654877059
2.70770770770771 0.999871260845618
2.71771771771772 0.999878466323023
2.72772772772773 0.999885291088219
2.73773773773774 0.99989175402117
2.74774774774775 0.999896891488714
2.75775775775776 0.99990267837914
2.76776776776777 0.99990815543034
2.77777777777778 0.999913338280712
2.78778778778779 0.999918241840123
2.7977977977978 0.999922880320517
2.80780780780781 0.999927049547224
2.81781781781782 0.999931194014746
2.82782782782783 0.999935112113602
2.83783783783784 0.999938815549019
2.84784784784785 0.999942315465312
2.85785785785786 0.99994562247029
2.86786786786787 0.999948746658731
2.87787787787788 0.999951697634955
2.88788788788789 0.999954484534524
2.8978978978979 0.999957116045103
2.90790790790791 0.999959600426493
2.91791791791792 0.999961945529883
2.92792792792793 0.999964158816324
2.93793793793794 0.999966247374472
2.94794794794795 0.999968217937609
2.95795795795796 0.999970076899978
2.96796796796797 0.999971830332441
2.97797797797798 1.0053182259119
2.98798798798799 0.999975043363687
2.997997997998 0.999976513619362
3.00800800800801 0.999977899685923
3.01801801801802 0.99997920623046
3.02802802802803 0.999980437677873
3.03803803803804 0.999981598222465
3.04804804804805 0.999982691839039
3.05805805805806 0.99998372229351
3.06806806806807 0.999984693153062
3.07807807807808 0.999985607795844
3.08808808808809 0.999986469420253
3.0980980980981 0.999987281053792
3.10810810810811 0.99998804556154
3.11811811811812 0.999988411110349
3.12812812812813 0.999989082729548
3.13813813813814 0.999989714853566
3.14814814814815 0.999990309775305
3.15815815815816 0.999990869662178
3.16816816816817 0.999991396562496
3.17817817817818 0.999991892411573
3.18818818818819 0.999977032663269
3.1981981981982 0.999977707642401
3.20820820820821 0.999978357117252
3.21821821821822 0.999978982473425
3.22822822822823 0.99997958501361
3.23823823823824 0.999980165962196
3.24824824824825 0.999980726469677
3.25825825825826 0.999981267616823
3.26826826826827 0.999981790418651
3.27827827827828 0.9999822958282
3.28828828828829 0.999982784740101
3.2982982982983 0.999983257993985
3.30830830830831 0.999983716377697
3.31831831831832 0.999984160630356
3.32832832832833 0.999984591445252
3.33833833833834 0.999985009472589
3.34834834834835 0.999985415322088
3.35835835835836 0.999985809565445
3.36836836836837 0.999986192738663
3.37837837837838 0.999986565344254
3.38838838838839 0.999986927853324
3.3983983983984 0.999987280707537
3.40840840840841 0.999987624320984
3.41841841841842 0.99998795908193
3.42842842842843 0.999988285354475
3.43843843843844 0.99998860348012
3.44844844844845 0.999988913779236
3.45845845845846 0.999989216552457
3.46846846846847 0.999989512081986
3.47847847847848 0.999989800632826
3.48848848848849 0.99999011461085
3.4984984984985 0.999990390397251
3.50850850850851 0.999990659913264
3.51851851851852 0.999990923366048
3.52852852852853 0.999991180950698
3.53853853853854 0.999991432851091
3.54854854854855 0.999991679240676
3.55855855855856 0.999989602720555
3.56856856856857 0.999989845884777
3.57857857857858 0.999990116529082
3.58858858858859 0.999990351145638
3.5985985985986 0.999990581468645
3.60860860860861 0.999990807613796
3.61861861861862 0.99999102969049
3.62862862862863 0.999991247802302
3.63863863863864 0.999991462047423
3.64864864864865 0.999991672519067
3.65865865865866 0.999991731048207
3.66866866866867 0.999991213444843
3.67867867867868 0.999991397401735
3.68868868868869 0.999991577785417
3.6986986986987 0.999991754669921
3.70870870870871 0.999991928126223
3.71871871871872 1.00001033210053
3.72872872872873 1.0000109041431
3.73873873873874 1.00001147877198
3.74874874874875 1.00001205608989
3.75875875875876 1.00001263619729
3.76876876876877 1.00001321919254
3.77877877877878 1.00001380517202
3.78878878878879 1.00001439423029
3.7987987987988 1.00001498646019
3.80880880880881 1.00001558195293
3.81881881881882 1.00001621152522
3.82882882882883 1.00001681411797
3.83883883883884 1.00001742023999
3.84884884884885 1.00001802997688
3.85885885885886 1.00001864341305
3.86886886886887 0.999994318649915
3.87887887887888 0.999994442964452
3.88888888888889 0.999994564809412
3.8988988988989 0.99999468422743
3.90890890890891 0.999994801260494
3.91891891891892 0.999994915949977
3.92892892892893 0.999995028336671
3.93893893893894 0.99999513846082
3.94894894894895 0.999995246362138
3.95895895895896 0.999995352079834
3.96896896896897 0.99999545565263
3.97897897897898 0.99999555711878
3.98898898898899 0.999995656516079
3.998998998999 0.99999575388188
4.00900900900901 0.999995849253099
4.01901901901902 0.999995942666226
4.02902902902903 0.999996034157331
4.03903903903904 0.99999612376207
4.04904904904905 0.999996211515685
4.05905905905906 0.999996297453012
4.06906906906907 0.999996381608481
4.07907907907908 0.999996464016115
4.08908908908909 0.999996544709535
4.0990990990991 0.999996623721957
4.10910910910911 0.999996701086189
4.11911911911912 0.999996776834638
4.12912912912913 0.9999968509993
4.13913913913914 0.999996923611764
4.14914914914915 0.999996994703209
4.15915915915916 0.999997064304403
4.16916916916917 0.999997886072291
4.17917917917918 0.999997970060883
4.18918918918919 0.999998052897077
4.1991991991992 0.99999813461196
4.20920920920921 0.999998215236201
4.21921921921922 0.999998294800046
4.22922922922923 0.999998373333316
4.23923923923924 0.999998450865404
4.24924924924925 0.999998527425281
4.25925925925926 0.999998603041487
4.26926926926927 0.999998677742134
4.27927927927928 0.999998751554907
4.28928928928929 0.999998824507062
4.2992992992993 0.999998896625426
4.30930930930931 0.999998967936398
4.31931931931932 0.99999903846595
4.32932932932933 0.999999108239628
4.33933933933934 0.999999177282554
4.34934934934935 0.999999245619423
4.35935935935936 0.999999313274511
4.36936936936937 0.999999380271673
4.37937937937938 0.999999446634347
4.38938938938939 0.999999512385554
4.3993993993994 0.999999577547905
4.40940940940941 0.999999642143597
4.41941941941942 0.999999706194425
4.42942942942943 0.999999769721778
4.43943943943944 0.999999832746646
4.44944944944945 0.999999895289622
4.45945945945946 0.999999957370908
4.46946946946947 1.00000001901032
4.47947947947948 1.00000008022727
4.48948948948949 1.00000014104083
4.4994994994995 1.00000020146966
4.50950950950951 1.00000026153207
4.51951951951952 1.00000032124598
4.52952952952953 1.00000038062899
4.53953953953954 1.00000043969829
4.54954954954955 1.0000004413429
4.55955955955956 1.0000004995557
4.56956956956957 1.00000055750835
4.57957957957958 1.00000061521678
4.58958958958959 1.00000067269659
4.5995995995996 1.00000072996303
4.60960960960961 1.00000078703106
4.61961961961962 1.0000008439153
4.62962962962963 1.00000090063008
4.63963963963964 1.00000092067558
4.64964964964965 1.0000008989127
4.65965965965966 1.00000095467147
4.66966966966967 1.00000054771286
4.67967967967968 1.00000060109789
4.68968968968969 1.00000065446202
4.6996996996997 1.00000070781792
4.70970970970971 1.00000076117798
4.71971971971972 0.999995545004088
4.72972972972973 0.999995637707246
4.73973973973974 0.99999573080411
4.74974974974975 0.999995824290785
4.75975975975976 0.999995918163197
4.76976976976977 0.999996012417104
4.77977977977978 0.999996107048108
4.78978978978979 0.999996202051666
4.7997997997998 0.999993894406348
4.80980980980981 0.999688812200878
4.81981981981982 0.999694931997845
4.82982982982983 0.99970095827582
4.83983983983984 0.999706891727652
4.84984984984985 0.999712733063262
4.85985985985986 0.99971848300881
4.86986986986987 0.999724142305881
4.87987987987988 0.999729604280331
4.88988988988989 0.999735083528651
4.8998998998999 0.999740474434479
4.90990990990991 0.999745777793324
4.91991991991992 0.999750994412277
4.92992992992993 0.999756125109285
4.93993993993994 0.999761170712449
4.94994994994995 0.999766132059327
4.95995995995996 0.999771009996262
4.96996996996997 0.999775805377722
4.97997997997998 0.999780519065652
4.98998998998999 0.999785151928845
5 0.99978970484233
