Is A = QR?

A - QR = 
0	0	0	0	0	
0	0	0	0	0	
0	0	0	0	0	
0	0	0	0	0	
0	0	0	0	0	
0	0	0	0	0	
0	0	0	0	0	
0	0	0	0	0	
0	0	0	0	0	
0	0	0	0	0	

Is R upper triangular?

R = 
1.963	1.23	1.773	1.364	1.026	
0	1.186	0.339	0.946	0.699	
0	0	0.952	0.104	0.657	
0	0	0	0.575	0.295	
0	0	0	0	1.028	

Is Q^T * Q = I?

Q^T * Q = 
1	0	0	0	0	
0	1	0	0	0	
0	0	1	0	0	
0	0	0	1	0	
0	0	0	0	1	

Is Ax = b?
Ax - b = 
 -1.33e-15   1.89e-15  -5.55e-16   8.88e-16   1.22e-15  -8.88e-16  -8.33e-16  -1.17e-15   7.36e-16   1.78e-15 

Is A^(-1) * A = 1?
A^(-1) * A = 
1	0	0	0	0	0	0	0	0	0	
0	1	0	0	0	0	0	0	0	0	
0	0	1	0	0	0	0	0	0	0	
0	0	0	1	0	0	0	0	0	0	
0	0	0	0	1	0	0	0	0	0	
0	0	0	0	0	1	0	0	0	0	
0	0	0	0	0	0	1	0	0	0	
0	0	0	0	0	0	0	1	0	0	
0	0	0	0	0	0	0	0	1	0	
0	0	0	0	0	0	0	0	0	1	
