0 0 0 0
0.02997002997003 0.00338378459194671 0.000422877146350696 0.000125291669297396
0.0599400599400599 0.0127476773455817 0.00159199983256286 0.000471623588031479
0.0899100899100899 0.0270135675680324 0.00336966744341112 0.000998034710011986
0.11988011988012 0.0452301241015969 0.00563264212492953 0.00166777400507426
0.14985014985015 0.0665604375303263 0.00827102041356665 0.00244798967467784
0.17982017982018 0.0902707442161718 0.0111871779617131 0.00330943675061098
0.20979020979021 0.115720143865296 0.0142947831891165 0.00422620214996027
0.23976023976024 0.142351229184894 0.0175178759067204 0.00517544630093107
0.26973026973027 0.169681552536915 0.0207900071659554 0.00613716049384485
0.2997002997003 0.197295860364834 0.0240534367829472 0.00709393914975786
0.32967032967033 0.224839031597792 0.0272583851739651 0.00803076623570357
0.35964035964036 0.252009661255292 0.0303623363161377 0.00893481509061712
0.38961038961039 0.278554235115133 0.0333293888164592 0.00979526095961207
0.41958041958042 0.304261845595214 0.0361296522327734 0.0106031055665018
0.44955044955045 0.328959402962048 0.0387386859431697 0.0113510130853445
0.47952047952048 0.352507299639298 0.0411369780054037 0.0120331569013907
0.509490509490509 0.374795488770578 0.0433094615859229 0.0126450765801781
0.53946053946054 0.395739941312892 0.0452450666691842 0.0131835444906961
0.569430569430569 0.415279448819432 0.0469363048824925 0.0136464415545742
0.599400599400599 0.43337274173101 0.0483788853899048 0.0140326416181884
0.629370629370629 0.449995895450423 0.0495713599210983 0.0143419039684574
0.659340659340659 0.465139998739052 0.0505147951078001 0.0145747735359691
0.689310689310689 0.478809061064038 0.0512124704016632 0.0147324883509666
0.719280719280719 0.491018137450681 0.0516695999436305 0.0148168938386793
0.749250749250749 0.50179165117047 0.0518930768460756 0.0148303635605378
0.779220779220779 0.511161896231687 0.0518912384355986 0.0147757260270013
0.809190809190809 0.519167703147318 0.0516736510864991 0.0146561972260847
0.839160839160839 0.5258532528438 0.0512509133528639 0.0144753185292331
0.869130869130869 0.53126702485292 0.0506344761810934 0.0142368996529873
0.899100899100899 0.535460867106322 0.0498364790547518 0.0139449663709417
0.929070929070929 0.538489175735307 0.0488696009900288 0.013603712685849
0.959040959040959 0.540408174275103 0.0477469253630438 0.0132174571864013
0.989010989010989 0.54127528258916 0.0464818176098566 0.0127906033272386
1.01898101898102 0.541148566671436 0.0450878148965419 0.0123276033841372
1.04895104895105 0.540086261258811 0.0435785269101938 0.0118329258491271
1.07892107892108 0.538146357896889 0.0419675469723868 0.0113110260425128
1.10889110889111 0.5353862517555 0.0402683727245844 0.0107663197304435
1.13886113886114 0.531862441089613 0.0384943356803768 0.0102031595478207
1.16883116883117 0.527630273791343 0.0366585389823798 0.00962581403696683
1.1988011988012 0.522743735983157 0.0347738027422568 0.00903844912262486
1.22877122877123 0.517255278064758 0.0328526163807463 0.00844511185354148
1.25874125874126 0.511215674049832 0.0309070974209066 0.00784971625011719
1.28871128871129 0.504673910416912 0.0289489562221234 0.00725603110641288
1.31868131868132 0.497677101053806 0.0269894661748719 0.0066676696031932
1.34865134865135 0.490270425200081 0.0250394389068723 0.00608808059668696
1.37862137862138 0.482497085589282 0.0231092040802229 0.00552054145536483
1.40859140859141 0.474398284264192 0.0212085933864183 0.00496815232429379
1.43856143856144 0.466013213786571 0.0193469283719493 0.00443383170354088
1.46853146853147 0.457379061789249 0.0175330117515114 0.00392031323367868
1.4985014985015 0.448531027025096 0.0157751218887959 0.00343014358770861
1.52847152847153 0.439502345255724 0.0140810101464736 0.00296568137467643
1.55844155844156 0.430324323494373 0.0124579008273703 0.0025290969659221
1.58841158841159 0.421026381273654 0.0109124934480466 0.00212237316029485
1.61838161838162 0.411636097750874 0.00945096710408338 0.00174730660978669
1.64835164835165 0.402179263592855 0.00807898670341214 0.00140550993190468
1.67832167832168 0.392679936699407 0.00680171086005111 0.00109841443972528
1.70829170829171 0.383160500931025 0.00562380125568966 0.000827273424964218
1.73826173826174 0.373641727102811 0.00454943329073572 0.000593165933561655
1.76823176823177 0.364142835593975 0.00358230785976364 0.000397000977236206
1.7982017982018 0.354681560001234 0.00272566409881407 0.000239522128210795
1.82817182817183 0.345274211335786 0.00198229296374626 0.00012131244786834
1.85814185814186 0.335935742327958 0.00135455150986959 4.27997034640071E-05
1.88811188811189 0.326679811461629 0.00084437775342251 4.26183021194116E-06
1.91808191808192 0.317518846412752 0.000453306005161894 5.83259908581612E-06
1.94805194805195 0.308464106613247 0.000182482575408398 4.75074535319703E-05
1.97802197802198 0.299525744703592 3.26817583980894E-05 0.000129149480998725
2.00799200799201 0.290712866675163 4.32201174899614E-06 0.000250495487742753
2.03796203796204 0.282033590537046 9.74822542933523E-05 0.000411162147789888
2.06793206793207 0.273495103372105 0.000311918212481493 0.000610652199210061
2.0979020979021 0.265103716673824 0.000647078752058334 0.000848360663020267
2.12787212787213 0.256864919879178 0.00110212213777453 0.00112358106206182
2.15784215784216 0.2487834320338 0.00167593216954598 0.00143551161911402
2.18781218781219 0.240863251544267 0.00236713414874108 0.00178326141531165
2.21778221778222 0.233107703988621 0.00317411063317656 0.00216585649163335
2.24775224775225 0.225519487970539 0.00409501694396174 0.00258224587782711
2.27772227772228 0.218100719015036 0.00512779639156668 0.00303130753464267
2.30769230769231 0.210852971514403 0.00627019519242131 0.0035118541966535
2.33766233766234 0.203777318742403 0.00751977705099822 0.00402263910427643
2.36763236763237 0.1968743709628 0.00887393738570772 0.00456236161484139
2.3976023976024 0.190144311665043 0.0103299171800572 0.00512967268372864
2.42757242757243 0.183586931965721 0.0118848164434116 0.00572318020768227
2.45754245754246 0.177201663219145 0.013535607268353 0.006341454223429
2.48751248751249 0.17098760788435 0.0152791464740908 0.00698303195568476
2.51748251748252 0.164943568698966 0.0171121878276253 0.00764642270952107
2.54745254745255 0.159068076212876 0.0190313938364411 0.00833011260289286
2.57742257742258 0.153359414736472 0.0210333471084015 0.00903256913590097
2.60739260739261 0.147815646759649 0.0231145612762496 0.00975224559408017
2.63736263736264 0.142434635898556 0.0252714914857053 0.0104875852836704
2.66733266733267 0.137214068427615 0.0275005444475874 0.0112370255974451
2.6973026973027 0.132151473454381 0.0297980880556981 0.0119990019102435
2.72727272727273 0.127244241794646 0.0321604605733893 0.0127719513038795
2.75724275724276 0.122489643604701 0.0345839793928 0.0135543161215866
2.78721278721279 0.117884844826967 0.0370649493717105 0.014344547352608
2.81718281718282 0.113426922504284 0.0395996707538207 0.0151411078479457
2.84715284715285 0.109112879017092 0.0421844466790218 0.0159424753686653
2.87712287712288 0.104939655296514 0.0448155902909087 0.0167471454684884
2.90709290709291 0.100904143065017 0.0474894314493785 0.0175536342127233
2.93706293706294 0.0970031961549107 0.0502023230566761 0.0183604807358606
2.96703296703297 0.0932336409534332 0.0529506470057046 0.0191662496404204
2.997002997003 0.0895922860216348 0.0557308197597987 0.0199695332398646
3.02697302697303 0.0860759309326509 0.0585392975734875 0.0207689536485917
3.05694305694306 0.082681374373345 0.061372581364044 0.0215631647222161
3.08691308691309 0.0794054215516543 0.0642272212438342 0.0223508538514924
3.11688311688312 0.0762448909503185 0.0670998207236546 0.0231307436133853
3.14685314685315 0.073196620466033 0.0699870405973738 0.023901593282909
3.17682317682318 0.0702574729714248 0.0728856025182796 0.0246622002094621
3.20679320679321 0.0674243413356406 0.0757922922775911 0.0254114010614727
3.23676323676324 0.0646941529377332 0.0787039627956073 0.0261480729432386
3.26673326673327 0.0620638737054767 0.0816175368359566 0.0268711343879068
3.2967032967033 0.0595305117106994 0.0845300094533707 0.0275795462305811
3.32667332667333 0.0570911203507331 0.0874384501853388 0.0282723123655744
3.35664335664336 0.054742801144117 0.0903400049979149 0.0289484803918481
3.38661338661339 0.0524827061672766 0.0932318979958388 0.0296071421506859
3.41658341658342 0.0503080401575291 0.0961114329070074 0.0302474341596516
3.44655344655345 0.0482160623064315 0.0989759943511872 0.0308685379468676
3.47652347652348 0.0462040877662096 0.101823048902703 0.0314696802896373
3.50649350649351 0.044269488890764 0.104650145956663 0.0320501333614036
3.53646353646354 0.04240969623156 0.10745491840811 0.032609214791006
3.56643356643357 0.0406221993075601 0.110235083153266 0.033146287638158
3.5964035964036 0.0389045471672616 0.112988441421889 0.0336607602890199
3.62637362637363 0.0372543487598455 0.11571287894948 0.0341520862756933
3.65634365634366 0.0356692731314333 0.118406365997946 0.0346197640234046
3.68631368631369 0.0341470494614872 0.121066957233027 0.0350633365290865
3.71628371628372 0.0326854669534647 0.123692791466623 0.0354823909750019
3.74625374625375 0.0312823745929612 0.126282091271922 0.0358765582809844
3.77622377622378 0.0299356807857389 0.128833162478963 0.036245512598802
3.80619380619381 0.0286433528872398 0.131344393558101 0.0365889707520718
3.83616383616384 0.0274034166344285 0.133814254898548 0.0369066916250817
3.86613386613387 0.0262139554900854 0.136241297988962 0.0371984755037945
3.8961038961039 0.0250731099089944 0.13862415450683 0.0374641633722273
3.92607392607393 0.0239790765348162 0.140961535323145 0.0377036361673211
3.95604395604396 0.0229301073358315 0.143252229428641 0.0379168139953304
3.98601398601399 0.0219245086871536 0.145495102787653 0.038103655312678
4.01598401598402 0.0209606404064659 0.14768909712541 0.0382641560741354
4.04595404595405 0.0200369147498205 0.149833228654375 0.0383983488511066
4.07592407592408 0.0191517953735454 0.151926586744994 0.0385063019227021
4.10589410589411 0.0183037962678495 0.15396833254604 0.038588118342211
4.13586413586414 0.0174914806672797 0.155957697559488 0.0386439349814858
4.16583416583417 0.0167134599427767 0.157893982174679 0.0386739215556757
4.1958041958042 0.0159683924796926 0.159776554166294 0.0386782796306549
4.22577422577423 0.0152549825457752 0.161604847160493 0.0386572416154098
4.25574425574426 0.0145719791527811 0.163378359073352 0.0386110697415643
4.28571428571429 0.0139181749150698 0.165096650525552 0.0385400550321384
4.31568431568432 0.0132924049082265 0.16675934323708 0.0384445162615559
4.34565434565435 0.0126935455304907 0.16836611840552 0.0383247989088329
4.37562437562438 0.0121205133695027 0.169916715071349 0.0381812741057985
4.40559440559441 0.0115722640766395 0.171410928473449 0.0380143375821233
4.43556443556444 0.0110477912509873 0.172848608397913 0.0378244086088494
4.46553446553447 0.0105461253347831 0.174229657523033 0.0376119289420418
4.4955044955045 0.0100663325219639 0.175554029763208 0.0373773617681054
4.52547452547453 0.00960751368128029 0.176821728614365 0.0371211906522367
4.55544455544456 0.00916880329525802 0.178032805503326 0.0368439184914093
4.58541458541459 0.00874936841613843 0.179187358143406 0.0365460664732198
4.61538461538461 0.0083484076397785 0.180285528898409 0.0362281730418512
4.64535464535465 0.00796515009835926 0.181327503157025 0.0358907928723458
4.67532467532468 0.00759885447262514 0.182313507719527 0.0355344958543105
4.70529470529471 0.00724880802426213 0.183243809198525 0.0351598660861135
4.73526473526474 0.00691432564891667 0.184118712435423 0.0347675008805711
4.76523476523476 0.00659474895025929 0.184938558934096 0.0343580097830592
4.7952047952048 0.00628944533540788 0.185703725313215 0.0339320136029249
4.82517482517482 0.0059978071319429 0.18641462177851 0.0334901434590184
4.85514485514486 0.00571925072667193 0.187071690616184 0.0330330398401047
4.88511488511489 0.00545321572623248 0.187675404708575 0.032561351680865
4.91508491508491 0.00519916413955913 0.188226266073084 0.0320757354541408
4.94505494505495 0.00495657958218481 0.188724804425273 0.0315768542800238
4.97502497502497 0.00472496650229422 0.189171575766969 0.0310653770523467
5.00499500499501 0.00450384942840115 0.189567161000128 0.0305419775830791
5.03496503496504 0.00429277223847972 0.189912164567108 0.0300073337650884
5.06493506493506 0.00409129745034171 0.190207213117964 0.0294621267536797
5.0949050949051 0.00389900553301934 0.190452954205261 0.0289070401672866
5.12487512487512 0.00371549423888237 0.190650055006871 0.0283427593076419
5.15484515484516 0.00354037795619255 0.190799201077133 0.0277699703997178
5.18481518481518 0.00337328708177546 0.190901095126689 0.0271893598516863
5.21478521478521 0.00321386741346906 0.190956455831265 0.0266016135351136
5.24475524475525 0.00306177956199165 0.190966016669608 0.0260074160855674
5.27472527472527 0.00291669838185646 0.190930524790716 0.0254074502237794
5.3046953046953 0.00277831242094788 0.190850739910473 0.024802396097475
5.33466533466533 0.00264632338836396 0.19072743323774 0.0241929306439509
5.36463536463536 0.00252044564012118 0.190561386429911 0.0235797269734485
5.39460539460539 0.00240040568231116 0.190353390577899 0.0229634537733455
5.42457542457542 0.00228594169129378 0.19010424522048 0.0223447747331593
5.45454545454545 0.00217680305050801 0.189814757387881 0.0217243479903287
5.48451548451548 0.00207274990347945 0.189485740674465 0.0211028255967189
5.51448551448551 0.00197355272260295 0.189118014340343 0.0204808530057668
5.54445554445554 0.00187899189327892 0.188712402441686 0.0198590685801649
5.57442557442557 0.00178885731298345 0.188269732989512 0.0192381031199584
5.6043956043956 0.00170294800485449 0.187790837136675 0.018618579410912
5.63436563436563 0.00162107174537965 0.187276548392764 0.0180011117929818
5.66433566433566 0.00154304470577497 0.186727701866611 0.0173863057487116
5.69430569430569 0.00146869110664865 0.18614513353605 0.016774757511355
5.72427572427572 0.0013978428855488 0.185529679544594 0.0161670536925091
5.75424575424575 0.00133033937700013 0.184882175524644 0.0155637709290308
5.78421578421578 0.00126602700464039 0.184203455946852 0.014965475548992
5.81418581418581 0.00120475898507421 0.183494353495218 0.0143727232564194
5.84415584415584 0.00114639504306869 0.182755698467522 0.0137860588345489
5.87412587412587 0.00109080113772232 0.181988318200649 0.0132060158673159
5.9040959040959 0.00103784919924639 0.181193036520369 0.012633116478793
5.93406593406593 0.000987416876005437 0.180370673215128 0.0120678710902741
5.96403596403596 0.000939387291471491 0.179522043533379 0.0115107781946975
5.99400599400599 0.000893648810754366 0.178647957704004 0.0109623241480922
6.02397602397602 0.000850094816378737 0.177749220479335 0.0104229829777245
6.05394605394605 0.00080862349298655 0.176826630700321 0.00989321620661339
6.08391608391608 0.000769137620651664 0.17588098088333 0.00937347269408034
6.11388611388611 0.000731544376501713 0.174913056828128 0.00886418849199245
6.14385614385614 0.000695755144350383 0.173923637246531 0.00836578671635236
6.17382617382617 0.000661685332051454 0.172913493411242 0.00787867743388575
6.2037962037962 0.000629254196294058 0.171883388824396 0.00740325756327415
6.23376623376623 0.000598384674566631 0.170834078905297 0.00693991079067551
6.26373626373626 0.00056900322402504 0.169766310696885 0.00648900749917595
6.29370629370629 0.000541039667008216 0.168680822590424 0.00605090471181157
6.32367632367632 0.000514427042952418 0.167578344067925 0.00562594604779938
6.35364635364635 0.000489101466462923 0.166459595461839 0.00521446169161541
6.38361638361638 0.000465001991309457 0.165325287731502 0.00481676837455658
6.41358641358641 0.000442070480119163 0.164176122255886 0.00443316936842481
6.44355644355644 0.000420251479548097 0.163012790642162 0.00406395449097072
6.47352647352647 0.000399492100719488 0.161835974549607 0.0037094001227355
6.5034965034965 0.000379741904723913 0.160646345528394 0.00336976923493139
6.53346653346653 0.000360952792983423 0.15944456487279 0.00304531142800191
6.56343656343656 0.000343078902288371 0.15823128348832 0.00273626298050521
6.59340659340659 0.000326076504322187 0.157007141772434 0.00244284690796638
6.62337662337662 0.000309903909495776 0.155772769508242 0.00216527303134657
6.65334665334665 0.000294521374919399 0.154528785770863 0.00190373805477999
6.68331668331668 0.000279891016345997 0.153275798845973 0.00165842565223246
6.71328671328671 0.00026597672392581 0.152014406160111 0.00142950656273911
6.74325674325674 0.000252744081617871 0.150745194222328 0.00121713869388159
6.77322677322677 0.00024016029010959 0.149468738576772 0.00102146723316975
6.8031968031968 0.000228194093101025 0.14818560376579 0.000842624766995833
6.83316683316683 0.000216815706815725 0.146896343303166 0.000680731406834193
6.86313686313686 0.000205996752605177 0.145601499657088 0.000535894922363351
6.89310689310689 0.000195710192518801 0.144301604242469 0.000408210881191945
6.92307692307692 0.000185930267716301 0.142997177422242 0.000297762794874629
6.95304695304695 0.000176632439603807 0.141688728517268 0.000204622270909015
6.98301698301698 0.000167793333579775 0.140376755824484 0.000128849170409351
7.01298701298701 0.000159390685280998 0.139061746642947 7.04917711580204E-05
7.04295704295704 0.000151403289223275 0.137744177307428 2.95869357408374E-05
7.07292707292707 0.000143810949735424 0.136424513229215 6.16028447749182E-06
7.1028971028971 0.000136594434089235 0.135103208943793 2.26372863840864E-07
7.13286713286713 0.000129735427731828 0.133780708165093 1.17888732481052E-05
7.16283716283716 0.000123216491530531 0.132457443845975 4.08407604685619E-05
7.19280719280719 0.000117021020943986 0.131133838244655 8.73645011858653E-05
7.22277722277722 0.00011113320703663 0.129810302996773 0.000151332246648699
7.25274725274725 0.000105537999257014 0.128487239192799 0.000232706028637155
7.28271728271728 0.000100221069903618 0.127165037460521 0.000331437958333884
7.31268731268731 9.51687802049393E-05 0.125844078052309 0.000447470427878735
7.34265734265734 9.03681479435693E-05 0.124524730936902 0.000580736314368391
7.37262737262737 8.58068165568769E-05 0.12320735589546 0.00073115918606822
7.4025974025974 8.14730256496623E-05 0.121892302621621 0.000898653510609323
7.43256743256743 7.73555828568125E-05 0.120579910825315 0.00108312486494935
7.46253746253746 7.34438369965537E-05 0.119270510340102 0.00128447014688186
7.49250749250749 6.97276524573621E-05 0.117964421233802 0.00150257778788395
7.52247752247752 6.61973847639648E-05 0.116661953922189 0.00173732796709855
7.55244755244755 6.28438572701529E-05 0.115363409285528 0.0019885928262526
7.58241758241758 5.96583389283171E-05 0.114069078787756 0.00225623668531846
7.61238761238761 5.66325230877344E-05 0.11277924459809 0.00254011625873171
7.64235764235764 5.37585072756589E-05 0.111494179714872 0.00284008087198337
7.67232767232767 5.10287739172224E-05 0.110214148091459 0.0031559726784111
7.7022977022977 4.84361719520261E-05 0.108939404763967 0.00348762687601848
7.73226773226773 4.59738993071006E-05 0.107670195980706 0.00383487192415794
7.76223776223776 4.36354861876447E-05 0.106406759333114 0.0041975297599173
7.79220779220779 4.14147791486107E-05 0.10514932388804 0.00457541601405614
7.82217782217782 3.93059259117967E-05 0.103898110321212 0.00496834022634278
7.85214785214785 3.73033608946389E-05 0.102653331051728 0.00537610606014886
7.88211788211788 3.54017914183616E-05 0.101415190377436 0.00579851151616238
7.91208791208791 3.35961845645495E-05 0.100183884611043 0.00623534914508631
7.94205794205794 3.18817546505626E-05 0.0989596022168382 0.00668640625919464
7.97202797202797 3.02539512955006E-05 0.0977425239478708 0.0071514651426223
8.001998001998 2.87084480496745E-05 0.0965328229834833 0.00763030326027071
8.03196803196803 2.72411315617259E-05 0.0953306650670593 0.00812269346521586
8.06193806193806 2.58480912586806E-05 0.0941362086438795 0.00862840420450908
8.09190809190809 2.45256095153124E-05 0.0929496049989702 0.00914719972326816
8.12187812187812 2.32701522902452E-05 0.0917709983948404 0.00967884026695772
8.15184815184815 2.20783602072209E-05 0.0906005262090036 0.0102230822817647
8.18181818181818 2.09470400609236E-05 0.089438319071187 0.010779678612979
8.21178821178821 1.98731567276732E-05 0.0882845010001375 0.0113483787012922
8.24175824175824 1.88538254621792E-05 0.0871391895399325 0.0119289287769327
8.27172827172827 1.78863045623926E-05 0.0860024958957134 0.0125210720515613
8.3016983016983 1.69679883853015E-05 0.0848745250687613 0.0131245489078509
8.33166833166833 1.60964006972874E-05 0.0837553759908379 0.0137390970866837
8.36163836163836 1.52691883434012E-05 0.0826451416577192 0.0143644518718986
8.39160839160839 1.44841152206255E-05 0.0815439092618545 0.0150003462725285
8.42157842157842 1.3739056540867E-05 0.0804517603240846 0.0156465112024684
8.45154845154845 1.30319933700709E-05 0.0793687708243579 0.0163026756575211
8.48151848151848 1.23610074304696E-05 0.0782950113313868 0.0169685668897705
8.51148851148851 1.17242761535698E-05 0.0772305471311904 0.0176439105792336
8.54145854145854 1.11200679720508E-05 0.0761754383544707 0.0183284310027502
8.57142857142857 1.0546737839286E-05 0.0751297401027746 0.0190218512000683
8.6013986013986 1.00027229657201E-05 0.0740935025733981 0.0197238931370894
8.63136863136863 9.48653876182912E-06 0.0730667711829877 0.0204342778662391
8.66133866133866 8.99677497786272E-06 0.0720495866898023 0.0211527256839339
8.69130869130869 8.53209203102174E-06 0.0710419853145973 0.0218789562851156
8.72127872127872 8.09121751115577E-06 0.0700439988600974 0.0226126889148282
8.75124875124875 7.67294285647808E-06 0.069055654829028 0.0233536425168178
8.78121878121878 7.27612019119018E-06 0.0680769765406739 0.0241015358791347
8.81118881118881 6.89965931728523E-06 0.0671079832459412 0.0248560877767213
8.84115884115884 6.5425248531586E-06 0.0661486902408975 0.0256170171109744
8.87112887112887 6.20373351199852E-06 0.0651991089787674 0.0263840430462689
8.9010989010989 5.88235151325756E-06 0.0642592471803662 0.0271568851434345
8.93106893106893 5.57749212081874E-06 0.0633291089429509 0.0279352634901807
8.96103896103896 5.28831330176978E-06 0.062408694847476 0.0287188988284651
8.99100899100899 5.01401549998443E-06 0.061498002064238 0.029507512678803
9.02097902097902 4.75383951898203E-06 0.0605970244568979 0.0303008274615203
9.05094905094905 4.50706450879733E-06 0.0597057526848723 0.0310985666149517
9.08091908091908 4.27300605184018E-06 0.058824174304082 0.0319004547105885
9.11088911088911 4.05101434296237E-06 0.0579522738660556 0.0327062175651828
9.14085914085914 3.84047245917419E-06 0.0570900330153781 0.0335155823498181
9.17082917082917 3.64079471466962E-06 0.0562374305854855 0.0343282776959538
9.2007992007992 3.45142509702464E-06 0.0553944426927994 0.0351440337984588
9.23076923076923 3.27183578062921E-06 0.0545610428292033 0.0359625825156453
9.26073926073926 3.10152571360089E-06 0.0537372019528591 0.0367836574663211
9.29070929070929 2.94001927460689E-06 0.0529228885773683 0.0376069941238734
9.32067932067932 2.78686499619086E-06 0.0521180688592771 0.0384323299074068
9.35064935064935 2.64163435136408E-06 0.0513227066839328 0.0392594042699525
9.38061938061938 2.50392060037472E-06 0.0505367637496946 0.0400879587837707
9.41058941058941 2.37333769471694E-06 0.0497601996505066 0.0409177372227687
9.44055944055944 2.24951923558223E-06 0.0489929719568384 0.0417484856420595
9.47052947052947 2.1321174840893E-06 0.048235036295003 0.042579952454683
9.5004995004995 2.02080242075718E-06 0.0474863464248603 0.0434118885055192
9.53046953046953 1.91526085180762E-06 0.046746854315916 0.0442440471424186
9.56043956043956 1.8151955599992E-06 0.0460165102218268 0.0450761842845782
9.59040959040959 1.72032449780646E-06 0.0452952627533236 0.0459080584881921
9.62037962037962 1.63038002086251E-06 0.0445830589495637 0.046739431009408
9.65034965034965 1.54510815968432E-06 0.0438798443479266 0.0475700658646179
9.68031968031968 1.46426792779553E-06 0.0431855630522644 0.0483997298881181
9.71028971028971 1.38763066445305E-06 0.0425001577996239 0.0492281927871673
9.74025974025974 1.31497941027031E-06 0.0418235700254517 0.0500552271944787
9.77022977022977 1.24610831411313E-06 0.0411557399272996 0.0508806087181795
9.8001998001998 1.18082206972296E-06 0.0404966065270454 0.0517041159892702
9.83016983016983 1.1189353805971E-06 0.0398461077316447 0.0525255307066223
9.86013986013986 1.06027245172751E-06 0.0392041803924296 0.053344637679546
9.89010989010989 1.00466650686753E-06 0.0385707603629731 0.0541612248679674
9.92007992007992 9.5195933006081E-07 0.037945782555534 0.0549750834202504
9.95004995004995 9.02000830228806E-07 0.0373291809961016 0.0557860077086982
9.98001998001998 8.54648627671497E-07 0.0367208888780562 0.0565937953627762
10.00999000999 8.09767661392443E-07 0.0361208386144659 0.0573982473000899
10.03996003996 7.67229816212357E-07 0.0355289618890355 0.058199167755158
10.0699300699301 7.26913568686168E-07 0.0349451897057268 0.0589963643060175
10.0999000999001 6.88703650886917E-07 0.0343694524370705 0.0597896478987008
10.1298701298701 6.52490731165722E-07 0.0338016798711863 0.0605788328696232
10.1598401598402 6.18171111040862E-07 0.0332418012575314 0.0613637369659172
10.1898101898102 5.85646437410713E-07 0.0326897453513968 0.0621441813637564
10.2197802197802 5.54823429324814E-07 0.0321454404571696 0.0629199906847059
10.2497502497502 5.25613618585161E-07 0.0316088144703816 0.0636909930101385
10.2797202797203 4.97933103485684E-07 0.0310797949185635 0.0644570198937556
10.3096903096903 4.71702315031984E-07 0.0305583090009233 0.0652179063722541
10.3396603396603 4.46845795015975E-07 0.0300442836268695 0.0659734909741759
10.3696303696304 4.23291985350926E-07 0.0295376454533977 0.0667236157269801
10.3996003996004 4.00973028101882E-07 0.029038320921361 0.0674681261623794
10.4295704295704 3.79824575674344E-07 0.0285462362906425 0.0682068713199751
10.4595404595405 3.59785610650791E-07 0.0280613176742504 0.0689397037492348
10.4895104895105 3.4079827478989E-07 0.0275834910713547 0.0696664795098472
10.5194805194805 3.22807706727357E-07 0.0271126823992849 0.0703870581704968
10.5494505494505 3.05761887940304E-07 0.026648817524508 0.0711013028060935
10.5794205794206 2.89611496558753E-07 0.0261918222926055 0.0718090799934983
10.6093906093906 2.74309768628639E-07 0.0257416225572698 0.0725102598057808
10.6393606393606 2.598123664504E-07 0.0252981442083374 0.0732047158050493
10.6693306693307 2.46077253635945E-07 0.0248613131988793 0.0738923250338887
10.6993006993007 2.33064576544621E-07 0.0244310555713661 0.0745729680054449
10.7292707292707 2.20736551775736E-07 0.0240072974829272 0.0752465286921929
10.7592407592408 2.09057359411311E-07 0.0235899652297229 0.0759128945134262
10.7892107892108 1.97993041718055E-07 0.0231789852704465 0.0765719563215016
10.8191808191808 1.87511407032067E-07 0.022774284248976 0.0772236083868794
10.8491508491508 1.77581938563687E-07 0.0223757890161926 0.077867748381992
10.8791208791209 1.68175707873011E-07 0.0219834266509847 0.0785042773639783
10.9090909090909 1.59265292779116E-07 0.0215971244804534 0.0791330997563182
10.9390609390609 1.50824699477935E-07 0.0212168100993396 0.0797541233294042
10.969030969031 1.42829288655014E-07 0.0208424113886876 0.0803672591800802
10.999000999001 1.35255705390117E-07 0.0204738565337638 0.0809724217101886
11.028971028971 1.28081812660866E-07 0.0201110740412473 0.081569528604153
11.0589410589411 1.21286628262288E-07 0.0197539927557083 0.0821585008056333
11.0889110889111 1.14850264968378E-07 0.0194025418753923 0.0827392624932865
11.1188811188811 1.08753873770528E-07 0.0190566509673249 0.0833117410556641
11.1488511488511 1.02979590036012E-07 0.0187162499817547 0.0838758670652807
11.1788211788212 9.75104824376146E-08 0.0183812692659495 0.0844315742518811
11.2087912087912 9.23305045130217E-08 0.0180516395773614 0.084978799474945
11.2387612387612 8.74244487197151E-08 0.0177272920961769 0.085517482695451
11.2687312687313 8.27779028579157E-08 0.0174081584372672 0.0860475669469386
11.2987012987013 7.83772087405499E-08 0.0170941706615529 0.0865689983058927
11.3286713286713 7.42094229953488E-08 0.0167852612867994 0.0870817258614822
11.3586413586414 7.02622798900026E-08 0.0164813632978562 0.0875857016846845
11.3886113886114 6.65241560768203E-08 0.0161824101563557 0.0880808807968172
11.4185814185814 6.29840371585914E-08 0.015888335809885 0.0885672211375155
11.4485514485514 5.96314859823376E-08 0.0155990747006442 0.0890446835321732
11.4785214785215 5.64566125723753E-08 0.0153145617736068 0.0895132316588818
11.5084915084915 5.34500456186086E-08 0.0150347324841934 0.0899728320148909
11.5384615384615 5.06029054402454E-08 0.0147595228054732 0.0904234538826162
11.5684315684316 4.79067783491889E-08 0.014488869234907 0.0908650692952249
11.5984015984016 4.53536923412069E-08 0.0142227088006424 0.0912976530018164
11.6283716283716 4.29360940466423E-08 0.0139609790673766 0.0917211824322341
11.6583416583417 4.06468268759079E-08 0.0137036181417965 0.0921356376615203
11.6883116883117 3.84791102983008E-08 0.0134505646776103 0.0925410013740497
11.7182817182817 3.64265201958115E-08 0.0132017578801814 0.0929372588273569
11.7482517482517 3.44829702365782E-08 0.0129571375107767 0.0933243978156852
11.7782217782218 3.26426942154579E-08 0.0127166438904407 0.0937024086332787
11.8081918081918 3.09002293118744E-08 0.0124802179035073 0.0940712840374376
11.8381618381618 2.92504002176435E-08 0.0122478010007587 0.0944310192113627
11.8681318681319 2.76883040899019E-08 0.0120193352022444 0.0947816117268057
11.8981018981019 2.62092962865537E-08 0.0117947630997696 0.095123061506549
11.9280719280719 2.48089768438334E-08 0.0115740278590631 0.0954553707867348
11.958041958042 2.34831776576523E-08 0.0113570732216368 0.0957785440790627
11.988011988012 2.2227950332356E-08 0.011143843506344 0.0960925881328759
12.017982017982 2.10395546623898E-08 0.0109342836106493 0.0963975118971531
12.047952047952 1.99144477141342E-08 0.0107283390116172 0.0966933264824294
12.0779220779221 1.88492734768559E-08 0.0105259557666299 0.0969800451226576
12.1078921078921 1.78408530533102E-08 0.0103270805138442 0.0972576831370325
12.1378621378621 1.68861753620487E-08 0.0101316604723949 0.097526257891794
12.1678321678322 1.59823883249178E-08 0.00993964344235423 0.0977857887620246
12.1978021978022 1.51267905145996E-08 0.00975097780445663 0.0980362970934592
12.2277722277722 1.43168232383388E-08 0.00956561251959604 0.0982778061643225
12.2577422577423 1.35500630352283E-08 0.0093834971281047 0.0985103411472079
12.2877122877123 1.28242145655899E-08 0.00920458174882129 0.0987339290710173
12.3176823176823 1.2137103872092E-08 0.00902881707795613 0.0989485987829698
12.3476523476523 1.14866719932978E-08 0.00885615438776144 0.0991543809107006
12.3776223776224 1.08709689113284E-08 0.00868654552501366 0.0993513078244576
12.4075924075924 1.02881478162756E-08 0.00851994290931564 0.099539413599414
12.4375624375624 9.73645967088904E-09 0.00835629953122535 0.0997187339781081
12.4675324675325 9.21424805992007E-09 0.00819556895021858 0.0998893063330194
12.4975024975025 8.71994430930393E-09 0.00803770529249195 0.100051169629302
12.5274725274725 8.25206286113363E-09 0.00788266324861304 0.100204364387675
12.5574425574426 7.80919689110204E-09 0.00773039807102431 0.100348932647494
12.5874125874126 7.39001415577816E-09 0.00758086557140669 0.100484917930005
12.6173826173826 6.99325305773795E-09 0.00743402211790925 0.100612365201796
12.6473526473526 6.61771891718997E-09 0.00728982463225093 0.100731320838459
12.6773226773227 6.26228043932382E-09 0.00714823058670002 0.100841832588459
12.7072927072927 5.92586636716849E-09 0.00700919800093721 0.100943949537246
12.7372627372627 5.607462310276E-09 0.00687268543880748 0.101037722071586
12.7672327672328 5.30610774004903E-09 0.00673865200496664 0.10112320184415
12.7972027972028 5.02089314300632E-09 0.00660705734142731 0.10120044173835
12.8271728271728 4.75095732373235E-09 0.00647786162400963 0.101269495833436
12.8571428571429 4.49548484968613E-09 0.00635102555870174 0.10133041936987
12.8871128871129 4.25370363044998E-09 0.00622651037793462 0.101383268714967
12.9170829170829 4.02488262438497E-09 0.00610427783677619 0.10142810132883
12.9470529470529 3.80832966602564E-09 0.00598429020904906 0.10146497573057
12.977022977023 3.60338940789238E-09 0.00586651028337645 0.101493951464829
13.006993006993 3.40944137072981E-09 0.00575090135916048 0.101515089068603
13.036963036963 3.22589809649056E-09 0.00563742724249718 0.101528450038383
13.0669330669331 3.05220339867991E-09 0.00552605224203197 0.101534096797603
13.0969030969031 2.88783070495715E-09 0.0054167411647599 0.101532092664417
13.1268731268731 2.73228148715547E-09 0.00530945931177408 0.101522501819802
13.1568431568432 2.58508377413438E-09 0.00520417247396637 0.101505389275991
13.1868131868132 2.44579074311768E-09 0.00510084692768364 0.101480820845246
13.2167832167832 2.31397938539692E-09 0.00499944943034317 0.101448863108966
13.2467532467532 2.18924924249528E-09 0.00489994721601059 0.101409583387153
13.2767232767233 2.07122120909034E-09 0.00480230799094357 0.101363049708211
13.3066933066933 1.95953639918798E-09 0.00470649992910445 0.10130933077911
13.3366633366633 1.85385507222259E-09 0.00461249166764487 0.101248495955906
13.3666333666334 1.75385561593255E-09 0.00452025230236529 0.101180615214608
13.3966033966034 1.6592335830247E-09 0.00442975138315237 0.101105759122427
13.4265734265734 1.56970077879784E-09 0.00434095890939691 0.101023998809373
13.4565434565435 1.48498439704308E-09 0.00425384532539502 0.100935405940229
13.4865134865135 1.40482620167939E-09 0.00416838151573517 0.100840052686892
13.5164835164835 1.32898175171584E-09 0.00408453880067352 0.100738011701087
13.5464535464535 1.25721966725791E-09 0.0040022889315 0.100629356087452
13.5764235764236 1.18932093439511E-09 0.00392160408589753 0.100514159377005
13.6063936063936 1.1250782469202E-09 0.00384245686329643 0.100392495500979
13.6363636363636 1.06429538293819E-09 0.00376482028022643 0.100264438765043
13.6663336663337 1.0067866145245E-09 0.00368866776566815 0.100130063823899
13.6963036963037 9.52376148688896E-10 0.0036139731564062 0.0999894456562549
13.7262737262737 9.0089759799284E-10 0.00354071069238578 0.0998426595401891
13.7562437562438 8.52193479254792E-10 0.00346885501207462 0.0996897810288845
13.7862137862138 8.06114738860261E-10 0.00339838114783215 0.0995308859267511
13.8161838161838 7.6252030327119E-10 0.00332926452128741 0.09936605026593
13.8461538461538 7.21276653403253E-10 0.00326148093872766 0.0991953502831755
13.8761238761239 6.82257421609476E-10 0.00319500658649898 0.0990188623971243
13.9060939060939 6.45343010075057E-10 0.0031298180264206 0.0988366631859408
13.9360639360639 6.10420229491066E-10 0.00306589219121425 0.0986488293653484
13.966033966034 5.77381956934271E-10 0.00300320637995009 0.0984554377670366
13.996003996004 5.4612681193681E-10 0.00294173825351045 0.0982565653174519
14.025974025974 5.16558849782985E-10 0.00288146583007272 0.0980522890169648
14.0559440559441 4.88587271121041E-10 0.00282236748061252 0.0978426859194157
14.0859140859141 4.62126147025966E-10 0.00276442192442853 0.0976278331120387
14.1158841158841 4.37094158694795E-10 0.00270760822468984 0.0974078076957578
14.1458541458541 4.13414350999102E-10 0.00265190578400707 0.0971826867658618
14.1758241758242 3.91013899160187E-10 0.00259729434002822 0.0969525473930472
14.2057942057942 3.69823887851266E-10 0.00254375396106021 0.0967174666048364
14.2357642357642 3.49779102067649E-10 0.00249126504171702 0.0964775213673622
14.2657342657343 3.30817829140658E-10 0.00243980829859536 0.0962327885675219
14.2957042957043 3.12881671304027E-10 0.00238936476597861 0.0959833449954968
14.3256743256743 2.95915368252722E-10 0.00233991579156988 0.0957292673276346
14.3556443556444 2.79866629163712E-10 0.00229144303225498 0.0954706321096948
14.3856143856144 2.64685973676266E-10 0.00224392844989582 0.0952075157404524
14.4155844155844 2.50326581355865E-10 0.00219735430715512 0.0949399944556597
14.4455544455544 2.36744149191047E-10 0.00215170316335291 0.0946681443123629
14.4755244755245 2.23896756696261E-10 0.00210695787035546 0.0943920411735708
14.5054945054945 2.11744738216445E-10 0.00206310156849717 0.0941117606932739
14.5354645354645 2.00250562050421E-10 0.00202011768253593 0.0938273783018103
14.5654345654346 1.89378716030453E-10 0.00197798991764251 0.0935389691915778
14.5954045954046 1.79095599214533E-10 0.0019367022554242 0.0932466083030853
14.6253746253746 1.69369419366138E-10 0.00189623894998346 0.092950370311347
14.6553446553447 1.60170095913435E-10 0.00185658452401165 0.0926503296126099
14.6853146853147 1.51469168096228E-10 0.00181772376491832 0.0923465603114167
14.7152847152847 1.4323970802442E-10 0.00177964172099643 0.0920391362079983
14.7452547452547 1.35456238386369E-10 0.0017423236976237 0.0917281307859942
14.7752247752248 1.28094654559437E-10 0.00170575525350044 0.0914136172004982
14.8051948051948 1.21132150888147E-10 0.001669922196924 0.0910956682664228
14.8351648351648 1.14547150907798E-10 0.00163481058210017 0.0907743564471855
14.8651348651349 1.08319241303214E-10 0.00160040670549165 0.0904497538437068
14.8951048951049 1.02429109403429E-10 0.0015666971022038 0.0901219321837224
14.9250749250749 9.68584840237182E-11 0.00153366854240771 0.0897909628114026
14.955044955045 9.15900794763907E-11 0.00150130802780092 0.0894569166772762
14.985014985015 8.66075425812378E-11 0.00146960278810563 0.089119864328459
15.014985014985 8.18954025155419E-11 0.00143854027760472 0.0887798758991771
15.044955044955 7.74390233520337E-11 0.00140810817171545 0.0884370211015887
15.0749250749251 7.32245591412695E-11 0.00137829436360106 0.0880913692168944
15.1048951048951 6.92389114025175E-11 0.00134908696082006 0.0877429890867382
15.1348651348651 6.5469688894485E-11 0.00132047428201349 0.0873919491048917
15.1648351648352 6.19051695440525E-11 0.00129244485362994 0.0870383172092197
15.1948051948052 5.85342644176753E-11 0.00126498740668832 0.0866821608739245
15.2247752247752 5.53464836262496E-11 0.00123809087357844 0.086323547102062
15.2547452547453 5.2331904060053E-11 0.0012117443848993 0.0859625424183319
15.2847152847153 4.94811388558792E-11 0.00118593726633485 0.0855992128621301
15.3146853146853 4.67853085037031E-11 0.00116065903556746 0.0852336239808705
15.3446553446553 4.42360135051431E-11 0.0011358993992287 0.0848658408235607
15.3746253746254 4.18253085006736E-11 0.00111164824988741 0.0844959279346381
15.4045954045954 3.95456777869582E-11 0.00108789566307508 0.0841239493480569
15.4345654345654 3.73900121498783E-11 0.00106463189434811 0.0837499685816244
15.4645354645355 3.53515869427892E-11 0.00104184737638709 0.0833740486315838
15.4945054945055 3.34240413433065E-11 0.00101953271613275 0.0829962519674361
15.5244755244755 3.16013587254787E-11 0.000997678691958494 0.0826166405270042
15.5544455544456 2.98778480875731E-11 0.000976276250879333 0.082235275711728
15.5844155844156 2.82481264788953E-11 0.000955316505796959 0.0818522183821931
15.6143856143856 2.67071023720828E-11 0.00093479073278087 0.0814675288538851
15.6443556443556 2.52499599301738E-11 0.000914690368385253 0.0810812668931695
15.6743256743257 2.38721441204605E-11 0.00089500700700144 0.0806934917134906
15.7042957042957 2.25693466297044E-11 0.000875732398245728 0.0803042619717871
15.7342657342657 2.13374925377127E-11 0.000856858444382306 0.0799136357651228
15.7642357642358 2.01727277085797E-11 0.000838377197781064 0.0795216706275232
15.7942057942058 1.90714068610693E-11 0.000820280858410054 0.0791284235270222
15.8241758241758 1.80300822816786E-11 0.000802561771362332 0.0787339508629087
15.8541458541459 1.70454931458694E-11 0.000785212424416937 0.0783383084631727
15.8841158841159 1.61145554148039E-11 0.000768225445633742 0.077941551582148
15.9140859140859 1.52343522766697E-11 0.000751593600981932 0.0775437348983451
15.9440559440559 1.44021251033296E-11 0.000735309792001791 0.0771449125124752
15.974025974026 1.36152648946054E-11 0.000719367053499582 0.0767451379456553
16.003996003996 1.28713041839818E-11 0.000703758551275198 0.0763444641378004
16.033966033966 1.2167909380925E-11 0.000688477579882319 0.0759429434461888
16.0639360639361 1.15028735263365E-11 0.000673517560420787 0.075540627644205
16.0939060939061 1.08741094389238E-11 0.000658872038360907 0.0751375679202544
16.1238761238761 1.02796432314574E-11 0.000644534681399379 0.0747338148768446
16.1538461538462 9.7176081770147E-12 0.000630499277346579 0.0743294185298322
16.1838161838162 9.18623890637553E-12 0.000616759732044873 0.0739244283078312
16.2137862137862 8.68386591874471E-12 0.000603310067317668 0.0735188930517803
16.2437562437562 8.20891038893525E-12 0.000590144418948913 0.0731128610146636
16.2737262737263 7.75987925504841E-12 0.000577257034692726 0.0727063798613839
16.3036963036963 7.33536057154497E-12 0.00056464227231285 0.0722994966687859
16.3336663336663 6.9340191134122E-12 0.000552294597651628 0.0718922579258219
16.3636363636364 6.55459221789959E-12 0.0005402085827282 0.0714847095338617
16.3936063936064 6.19588585102116E-12 0.00052837890386559 0.0710768968071415
16.4235764235764 5.85677088671137E-12 0.000516800339846393 0.0706688644733487
16.4535464535465 5.53617958717155E-12 0.000505467770096742 0.0702606566743383
16.4835164835165 5.23310227355989E-12 0.000494376172898241 0.0698523169669811
16.5134865134865 4.94658417676086E-12 0.000483520623627554 0.0694438883241373
16.5434565434565 4.6757224585223E-12 0.000472896293023353 0.0690354131357556
16.5734265734266 4.41966339376929E-12 0.000462498445480276 0.0686269332100907
16.6033966033966 4.17759970539959E-12 0.000452322437369626 0.0682184897750416
16.6333666333666 3.94876804333213E-12 0.000442363715386465 0.0678101234796031
16.6633366633367 3.73244660002307E-12 0.00043261781492281 0.0674018743954304
16.6933066933067 3.52795285508281E-12 0.000423080358466619 0.0669937820185123
16.7232767232767 3.33464144202362E-12 0.000413747054026241 0.0665858852709524
16.7532467532468 3.15190213054319E-12 0.000404613693580045 0.066178222502853
16.7832167832168 2.97915791810371E-12 0.000395676151550898 0.0657708314943001
16.8131868131868 2.81586322490281E-12 0.000386930383305189 0.0653637494574475
16.8431568431568 2.66150218665025E-12 0.000378372423676108 0.0649570130386961
16.8731268731269 2.51558703986527E-12 0.000369998385510845 0.0645506583209664
16.9030969030969 2.37765659469425E-12 0.000361804458241434 0.0641447208260616
16.9330669330669 2.2472747905177E-12 0.000353786906478922 0.063739235517118
16.963036963037 2.1240293298708E-12 0.000345942068630562 0.063334236801142
16.993006993007 2.00753038644265E-12 0.000338266355539742 0.0629297585316283
17.022977022977 1.897409383148E-12 0.000330756249148333 0.0625258340112596
17.0529470529471 1.79331783648116E-12 0.00032340830118118 0.062122495994684
17.0829170829171 1.6949262635662E-12 0.000316219131852422 0.0617197766913675
17.1128871128871 1.601923148511E-12 0.000309185428593359 0.0613177077685198
17.1428571428571 1.51401396485576E-12 0.000302303944801575 0.0609163203540906
17.1728271728272 1.43092025107988E-12 0.000295571498611027 0.0605156450398356
17.2027972027972 1.35237873629466E-12 0.000288984971682795 0.0601157118844462
17.2327672327672 1.27814051340473E-12 0.000282541308016245 0.059716550416745
17.2627372627373 1.20797025716767E-12 0.000276237512780286 0.0593181896389433
17.2927072927073 1.14164548471988E-12 0.000270070651164455 0.0589206580299558
17.3226773226773 1.0789558562685E-12 0.000264037847249555 0.0585239835487746
17.3526473526474 1.0197025137732E-12 0.000258136282897562 0.0581281936378982
17.3826173826174 9.63697455559132E-13 0.000252363196660529 0.0577333152268126
17.4125874125874 9.10762944913958E-13 0.000246715882708217 0.0573393747355243
17.4425574425574 8.607309508267E-13 0.000241191689774179 0.0569463980781418
17.4725274725275 8.13442619126019E-13 0.000235788020120035 0.0565544106665048
17.5024975024975 7.68747772369576E-13 0.000230502328517668 0.0561634374138577
17.5324675324675 7.26504436925412E-13 0.000225332121249084 0.0557735027385664
17.5624375624376 6.86578395770401E-13 0.00022027495512367 0.0553846305678765
17.5924075924076 6.48842765610829E-13 0.0002153284365126 0.0549968443417112
17.6223776223776 6.13177597005476E-13 0.000210490220400125 0.0546101670165058
17.6523476523477 5.79469496243034E-13 0.000205758009451499 0.0542246210690787
17.6823176823177 5.47611267793263E-13 0.0002011295530973 0.053840228500536
17.7122877122877 5.17501576215128E-13 0.000196602646633878 0.053457010840208
17.7422577422577 4.89044626465724E-13 0.000192175130339703 0.0530749891496173
17.7722277722278 4.62149861610851E-13 0.000187844888607368 0.052694184026474
17.8021978021978 4.36731676992318E-13 0.000183609849091 0.0523146156086998
17.8321678321678 4.12709149958194E-13 0.000179467981868843 0.0519363035784762
17.8621378621379 3.9000578431063E-13 0.000175417298620791 0.0515592671663171
17.8921078921079 3.68549268671691E-13 0.000171455851820622 0.0511835251551645
17.9220779220779 3.48271248010999E-13 0.000167581733942716 0.0508090958845041
17.952047952048 3.2910710761988E-13 0.000163793076683026 0.0504359972545001
17.982017982018 3.10995768855601E-13 0.000160088050194071 0.0500642467301486
18.011988011988 2.93879496015851E-13 0.000156464862333751 0.0496938613454477
18.041958041958 2.77703713738381E-13 0.000152921757927733 0.0493248577075806
18.0719280719281 2.62416834353503E-13 0.000149457018045228 0.048957252001115
18.1018981018981 2.47970094648187E-13 0.000146068959287909 0.0485910599922124
18.1318681318681 2.34317401529888E-13 0.000142755933091794 0.04822629703285
18.1618381618382 2.21415186105958E-13 0.000139516325041856 0.0478629780650511
18.1918081918082 2.09222265720808E-13 0.00013634855419917 0.0475011176251239
18.2217782217782 1.97699713517835E-13 0.000133251072440398 0.0471407298479087
18.2517482517483 1.86810735116592E-13 0.000130222363809392 0.0467818284710289
18.2817182817183 1.76520552017959E-13 0.000127260943880737 0.0464244268391479
18.3116883116883 1.6679629137106E-13 0.000124365359135027 0.0460685379082293
18.3416583416583 1.57606881755606E-13 0.000121534186345683 0.0457141742497997
18.3716283716284 1.48922954652089E-13 0.00011876603197713 0.0453613480552113
18.4015984015984 1.40716751290111E-13 0.000116059531594125 0.0450100711399067
18.4315684315684 1.32962034581915E-13 0.000113413349282083 0.0446603549476812
18.4615384615385 1.25634005864134E-13 0.000110826177078177 0.0443122105549433
18.4915084915085 1.18709226185784E-13 0.000108296734413072 0.0439656486749727
18.5214785214785 1.12165541894822E-13 0.000105823767563085 0.0436206796621739
18.5514485514486 1.05982014289003E-13 0.000103406049112611 0.0432773135163252
18.5814185814186 1.00138853109532E-13 0.000101042377426634 0.0429355598868206
18.6113886113886 9.46173536680565E-14 9.87315761331578E-05 0.0425954280769063
18.6413586413586 8.93998374089088E-14 9.64724936153837E-05 0.0422569270479087
18.6713286713287 8.44695957193206E-14 9.42640025134714E-05 0.0419200654234535
18.7012987012987 7.98108368104797E-14 9.21049992357167E-05 0.0415848514936758
18.7312687312687 7.54086355019699E-14 8.99944034789897E-05 0.0412512932194192
18.7612387612388 7.12488857512208E-14 8.79311577582674E-05 0.0409193982364251
18.7912087912088 6.73182557782329E-14 8.59142269451089E-05 0.0405891738595078
18.8211788211788 6.360414564398E-14 8.39425978149168E-05 0.040260627086719
18.8511488511488 6.00946471486086E-14 8.20152786028324E-05 0.0399337646034982
18.8811188811189 5.67785059228326E-14 8.01312985681142E-05 0.0396085927868077
18.9110889110889 5.36450855928299E-14 7.82897075668537E-05 0.0392851177092545
18.9410589410589 5.06843339054478E-14 7.64895756328797E-05 0.0389633451431953
18.971028971029 4.78867507067059E-14 7.47299925667098E-05 0.0386432805648263
19.000999000999 4.52433576724041E-14 7.30100675324069E-05 0.0383249291582547
19.030969030969 4.27456696951606E-14 7.13289286622014E-05 0.0380082958195542
19.0609390609391 4.03856678374178E-14 6.96857226687423E-05 0.0376933851608009
19.0909090909091 3.81557737648804E-14 6.80796144648402E-05 0.0373802015140919
19.1208791208791 3.60488255795203E-14 6.65097867905732E-05 0.0370687489355433
19.1508491508492 3.40580549756778E-14 6.49754398476195E-05 0.0367590312092689
19.1808191808192 3.21770656469718E-14 6.34757909406915E-05 0.0364510518513394
19.2107892107892 3.03998128756616E-14 6.20100741259432E-05 0.0361448141137184
19.2407592407592 2.87205842398387E-14 6.05775398662251E-05 0.0358403209881794
19.2707292707293 2.7133981377346E-14 5.91774546930647E-05 0.0355375752101997
19.3006993006993 2.56349027486565E-14 5.78091008752504E-05 0.0352365792628321
19.3306693306693 2.42185273440977E-14 5.64717760939009E-05 0.0349373353805535
19.3606393606394 2.28802992837821E-14 5.51647931239006E-05 0.0346398455530909
19.3906093906094 2.16159132614265E-14 5.38874795215879E-05 0.0343441115292237
19.4205794205794 2.0421300785906E-14 5.26391773185804E-05 0.0340501348205613
19.4505494505494 1.92926171769065E-14 5.14192427216275E-05 0.0337579167052966
19.4805194805195 1.82262292734209E-14 5.02270458183776E-05 0.033467458231935
19.5104895104895 1.72187038160921E-14 4.90619702889549E-05 0.033178760222998
19.5404595404595 1.62667964665254E-14 4.79234131232361E-05 0.0328918232787008
19.5704295704296 1.53674414287162E-14 4.68107843437239E-05 0.0326066477806051
19.6003996003996 1.45177416396369E-14 4.57235067339142E-05 0.0323232338952451
19.6303696303696 1.37149594978286E-14 4.46610155720552E-05 0.032041581577727
19.6603396603397 1.29565081005464E-14 4.36227583701987E-05 0.031761690575302
19.6903096903097 1.22399429616118E-14 4.26081946184447E-05 0.0314835604309121
19.7202797202797 1.15629541836553E-14 4.16167955342855E-05 0.0312071904867095
19.7502497502498 1.09233590598601E-14 4.06480438169509E-05 0.030932579887547
19.7802197802198 1.03190950816879E-14 3.97014334066637E-05 0.0306597275844422
19.8101898101898 9.74821333034676E-15 3.87764692487128E-05 0.0303886323380126
19.8401598401598 9.20887223098013E-15 3.78726670622538E-05 0.0301192927218835
19.8701298701299 8.69933164970355E-15 3.69895531137484E-05 0.0298517071260667
19.9000999000999 8.2179473147048E-15 3.61266639949561E-05 0.0295858737603113
19.9300699300699 7.76316554364702E-15 3.52835464053915E-05 0.0293217906574259
19.96003996004 7.33351826058902E-15 3.44597569391628E-05 0.0290594556765713
19.99000999001 6.92761828655326E-15 3.36548618761108E-05 0.0287988665065247
20.01998001998 6.54415488874074E-15 3.28684369771636E-05 0.0285400206689148
20.04995004995 6.18188957421304E-15 3.21000672838306E-05 0.0282829155214276
20.0799200799201 5.83965211463686E-15 3.13493469217541E-05 0.0280275482609822
20.1098901098901 5.51633678942147E-15 3.06158789082433E-05 0.0277739159268783
20.1398601398601 5.21089883527097E-15 2.98992749637144E-05 0.0275220154039135
20.1698301698302 4.9223510908307E-15 2.91991553269606E-05 0.0272718434254704
20.1998001998002 4.64976082572589E-15 2.85151485741814E-05 0.0270233965765751
20.2297702297702 4.39224674387701E-15 2.78468914416964E-05 0.0267766712969252
20.2597402597403 4.14897615152993E-15 2.71940286522753E-05 0.0265316638838879
20.2897102897103 3.91916228096274E-15 2.65562127450121E-05 0.0262883704954683
20.3196803196803 3.70206176132655E-15 2.5933103908678E-05 0.0260467871532484
20.3496503496504 3.49697222854454E-15 2.53243698184831E-05 0.025806909745295
20.3796203796204 3.303230066637E-15 2.47296854761826E-05 0.0255687340290384
20.4095904095904 3.12020827325758E-15 2.41487330534629E-05 0.0253322556341208
20.4395604395604 2.94731444262166E-15 2.35812017385432E-05 0.025097470065215
20.4695304695305 2.78398885938113E-15 2.30267875859297E-05 0.0248643727048123
20.4995004995005 2.62970269735367E-15 2.24851933692633E-05 0.0246329588159815
20.5294705294705 2.48395631734782E-15 2.19561284371979E-05 0.024403223545097
20.5594405594406 2.34627765864142E-15 2.14393085722515E-05 0.0241751619245372
20.5894105894106 2.21622071896919E-15 2.09344558525721E-05 0.0239487688753536
20.6193806193806 2.09336411815715E-15 2.04412985165605E-05 0.0237240392099085
20.6493506493506 1.97730974080849E-15 1.99595708302953E-05 0.0235009676344846
20.6793206793207 1.86768145369712E-15 1.94890129577031E-05 0.0232795487518636
20.7092907092907 1.76412389376401E-15 1.90293708334224E-05 0.0230597770638756
20.7392607392607 1.66630132283588E-15 1.85803960383057E-05 0.0228416469739183
20.7692307692308 1.5738965453992E-15 1.81418456775099E-05 0.0226251527894473
20.7992007992008 1.4866098859636E-15 1.77134822611217E-05 0.0224102887244365
20.8291708291708 1.40415822273862E-15 1.72950735872705E-05 0.0221970489018085
20.8591408591409 1.32627407452801E-15 1.68863926276766E-05 0.0219854273558367
20.8891108891109 1.25270473791541E-15 1.64872174155889E-05 0.0217754180345175
20.9190809190809 1.18321147197579E-15 1.60973309360631E-05 0.0215670148019131
20.9490509490509 1.11756872789912E-15 1.57165210185345E-05 0.0213602114404654
20.979020979021 1.05556342105605E-15 1.53445802316389E-05 0.0211550016532818
21.008991008991 9.96994243171028E-16 1.49813057802388E-05 0.0209513790663902
21.038961038961 9.4167101239651E-16 1.46264994046074E-05 0.0207493372309674
21.0689310689311 8.89414059203056E-16 1.42799672817312E-05 0.0205488696255371
21.0989010989011 8.40053646114779E-16 1.39415199286854E-05 0.0203499696581409
21.1288711288711 7.93429419427574E-16 1.36109721080426E-05 0.0201526306684793
21.1588411588412 7.49389891150161E-16 1.3288142735273E-05 0.0199568459300259
21.1888111888112 7.07791949504508E-16 1.29728547880967E-05 0.0197626086521132
21.2187812187812 6.68500396413658E-16 1.2664935217748E-05 0.0195699119819891
21.2487512487512 6.31387510491333E-16 1.2364214862114E-05 0.0193787490068477
21.2787212787213 5.96332634129415E-16 1.20705283607088E-05 0.0191891127558308
21.3086913086913 5.63221783356437E-16 1.1783714071447E-05 0.0190009962020025
21.3386613386613 5.31947279213292E-16 1.15036139891795E-05 0.0188143922642965
21.3686313686314 5.02407399461197E-16 1.12300736659564E-05 0.0186292938094358
21.3986013986014 4.74506049502157E-16 1.09629421329813E-05 0.0184456936538259
21.4285714285714 4.48152451453698E-16 1.07020718242232E-05 0.0182635845654204
21.4585414585415 4.23260850377875E-16 1.04473185016521E-05 0.0180829592655605
21.4885114885115 3.99750236719541E-16 1.01985411820649E-05 0.0179038104307879
21.5184815184815 3.77544084060815E-16 9.9556020654702E-06 0.0177261306946309
21.5484515484515 3.56570101347854E-16 9.71836646499875E-06 0.0175499126493643
21.5784215784216 3.36759998792433E-16 9.48670273830931E-06 0.0173751488477441
21.6083916083916 3.1804926669473E-16 9.26048222045922E-06 0.0172018318047154
21.6383616383616 3.00376966475152E-16 9.03957915820944E-06 0.0170299539990947
21.6683316683317 2.83685533242257E-16 8.82387064573465E-06 0.0168595078752277
21.6983016983017 2.6792058926086E-16 8.61323656170987E-06 0.0166904858446202
21.7282717282717 2.53030767719377E-16 8.40755950774486E-06 0.0165228802875456
21.7582417582418 2.3896754622858E-16 8.20672474813884E-06 0.0163566835546262
21.7882117882118 2.25685089515182E-16 8.01062015092831E-06 0.0161918879683901
21.8181818181818 2.13140100803204E-16 7.81913613020116E-06 0.0160284858248039
21.8481518481518 2.01291681403984E-16 7.63216558965098E-06 0.0158664693947806
21.8781218781219 1.90101198062131E-16 7.44960386734612E-06 0.015705830925664
21.9080919080919 1.79532157629565E-16 7.27134868168798E-06 0.0155465626426878
21.9380619380619 1.69550088663429E-16 7.09730007853416E-06 0.0153886567504128
21.968031968032 1.60122429565879E-16 6.92736037946225E-06 0.0152321054341389
21.998001998002 1.51218422904825E-16 6.76143413115061E-06 0.0150769008612944
22.027972027972 1.42809015574556E-16 6.59942805585275E-06 0.0149230351828027
22.0579420579421 1.34866764473989E-16 6.44125100294269E-06 0.0147705005344247
22.0879120879121 1.27365747398053E-16 6.28681390150916E-06 0.0146192890380795
22.1178821178821 1.20281478854453E-16 6.13602971397629E-06 0.0144693928031425
22.1478521478521 1.13590830533968E-16 5.98881339072985E-06 0.0143208039277205
22.1778221778222 1.07271956177393E-16 5.84508182572777E-06 0.014173514499905
22.2077922077922 1.0130422059639E-16 5.70475381307434E-06 0.014027516599004
22.2377622377622 9.56681326189243E-17 5.56775000453802E-06 0.0138828022967513
22.2677322677323 9.03452817425661E-17 5.43399286799307E-06 0.0137393636584945
22.2977022977023 8.53182782909154E-17 5.30340664676553E-06 0.0135971927443623
22.3276723276723 8.05706968796882E-17 5.17591731986457E-06 0.0134562816104094
22.3576423576424 7.60870230096686E-17 5.05145256308067E-06 0.013316622309742
22.3876123876124 7.18526026138157E-17 4.92994171093234E-06 0.0131782068936214
22.4175824175824 6.7853594395341E-17 4.81131571944347E-06 0.0130410274125477
22.4475524475524 6.40769248025673E-17 4.69550712973381E-06 0.0129050759173229
22.4775224775225 6.05102454948996E-17 4.58245003240554E-06 0.0127703444600943
22.5074925074925 5.7141893162255E-17 4.47208003270887E-06 0.0126368250953776
22.5374625374625 5.39608515679138E-17 4.36433421647039E-06 0.0125045098810605
22.5674325674326 5.09567156919158E-17 4.25915111676798E-06 0.012373390879387
22.5974025974026 4.81196578589129E-17 4.15647068133632E-06 0.0122434601579225
22.6273726273726 4.54403957407955E-17 4.05623424068781E-06 0.0121147097904989
22.6573426573427 4.29101621304592E-17 3.95838447693335E-06 0.0119871318581425
22.6873126873127 4.05206763888096E-17 3.86286539328839E-06 0.011860718449982
22.7172827172827 3.8264117472493E-17 3.76962228424951E-06 0.0117354616641383
22.7472527472527 3.61330984549608E-17 3.67860170642734E-06 0.0116113536085963
22.7772227772228 3.41206424582945E-17 3.58975145002183E-06 0.0114883864020589
22.8071928071928 3.22201599177783E-17 3.50302051092605E-06 0.0113665521747827
22.8371628371628 3.04254271055154E-17 3.41835906344533E-06 0.0112458430693959
22.8671328671329 2.87305658434555E-17 3.33571843361837E-06 0.0111262512416998
22.8971028971029 2.71300243400428E-17 3.2550510731276E-06 0.0110077688614522
22.9270729270729 2.56185590883335E-17 3.17631053378605E-06 0.010890388113134
22.957042957043 2.41912177668603E-17 3.09945144258852E-06 0.010774101196699
22.987012987013 2.28433230877693E-17 3.02442947731479E-06 0.0106589003283074
23.016983016983 2.15704575398159E-17 2.95120134267326E-06 0.0105447777410425
23.046953046953 2.03684489767057E-17 2.87972474697301E-06 0.0104317256856113
23.0769230769231 1.92333570040025E-17 2.80995837931351E-06 0.0103197364310294
23.1068931068931 1.81614601204056E-17 2.74186188728017E-06 0.0102088022652896
23.1368631368631 1.71492435716494E-17 2.67539585513541E-06 0.0100989154960152
23.1668331668332 1.61933878775784E-17 2.61052178249421E-06 0.00999006845109774
23.1968031968032 1.52907579951364E-17 2.54720206347388E-06 0.00988225347931992
23.2267732267732 1.44383930820645E-17 2.48539996630766E-06 0.00977546295096278
23.2567432567433 1.36334968280536E-17 2.42507961341233E-06 0.00966968925839869
23.2867132867133 1.28734283219302E-17 2.36620596189977E-06 0.00956492481666932
23.3166833166833 1.21556934251964E-17 2.30874478452309E-06 0.00946116206404943
23.3466533466533 1.14779366238839E-17 2.25266265104777E-06 0.0093583934625961
23.3766233766234 1.08379333322333E-17 2.1979269100386E-06 0.0092566114986841
23.4065934065934 1.02335826231747E-17 2.14450567105355E-06 0.00915580868352744
23.4365634365634 9.6629003619692E-18 2.09236778723548E-06 0.00905597755368691
23.4665334665335 9.12401272068159E-18 2.04148283829333E-06 0.0089571106715644
23.4965034965035 8.61515005238447E-18 1.99182111386412E-06 0.00885920062588379
23.5264735264735 8.13464110516694E-18 1.94335359724749E-06 0.00876224003215872
23.5564435564436 7.68090755712001E-18 1.89605194950475E-06 0.00866622153314727
23.5864135864136 7.25245885451425E-18 1.84988849391452E-06 0.00857113779929405
23.6163836163836 6.84788733636849E-18 1.80483620077695E-06 0.00847698152915951
23.6463536463536 6.46586362953958E-18 1.76086867255924E-06 0.008383745449837
23.6763236763237 6.10513229933963E-18 1.71796012937473E-06 0.0082914223173574
23.7062937062937 5.7645077415189E-18 1.67608539478843E-06 0.00820000491708174
23.7362637362637 5.44287030223541E-18 1.63521988194173E-06 0.00810948606408208
23.7662337662338 5.1391626133733E-18 1.59533957998945E-06 0.00801985860351033
23.7962037962038 4.85238613127172E-18 1.55642104084221E-06 0.00793111541095584
23.8261738261738 4.5815978675868E-18 1.51844136620752E-06 0.00784324939279137
23.8561438561439 4.3259073016343E-18 1.48137819492309E-06 0.0077562534865081
23.8861138861139 4.08447346414944E-18 1.44520969057582E-06 0.00767012066103923
23.9160839160839 3.85650218295875E-18 1.40991452940024E-06 0.00758484391707302
23.9460539460539 3.64124348158475E-18 1.37547188845028E-06 0.00750041628735505
23.976023976024 3.4379891223015E-18 1.34186143403835E-06 0.00741683083697971
24.005994005994 3.24607028562928E-18 1.30906331043575E-06 0.00733408066367157
24.035964035964 3.06485537870019E-18 1.27705812882883E-06 0.00725215889805644
24.0659340659341 2.89374796534596E-18 1.24582695652509E-06 0.00717105870392219
24.0959040959041 2.7321848111552E-18 1.21535130640373E-06 0.00709077327846994
24.1258741258741 2.57963403712143E-18 1.18561312660537E-06 0.00701129585255531
24.1558441558442 2.43559337585713E-18 1.15659479045552E-06 0.00693261969092001
24.1858141858142 2.29958852468225E-18 1.12827908661668E-06 0.00685473809241426
24.2157842157842 2.17117159021164E-18 1.10064920946396E-06 0.00677764439020956
24.2457542457542 2.04991961936366E-18 1.07368874967943E-06 0.00670133195200265
24.2757242757243 1.93543321199339E-18 1.04738168506014E-06 0.00662579418021018
24.3056943056943 1.82733521062018E-18 1.02171237153518E-06 0.00655102451215481
24.3356643356643 1.72526946297022E-18 9.96665534387143E-07 0.00647701642024243
24.3656343656344 1.62889965329201E-18 9.72226259673414E-07 0.00640376341213078
24.3956043956044 1.53790819862694E-18 9.48379985842905E-07 0.00633125903088997
24.4255744255744 1.45199520642862E-18 9.25112495543781E-07 0.00625949685515429
24.4555444555445 1.37087749012493E-18 9.02409907618045E-07 0.00618847049926635
24.4855144855145 1.29428763940518E-18 8.80258669278739E-07 0.00611817361341281
24.5154845154845 1.22197314219378E-18 8.58645548465719E-07 0.00604859988375265
24.5454545454545 1.1536955554399E-18 8.37557626376034E-07 0.00597974303253744
24.5754245754246 1.08922972201213E-18 8.16982290164981E-07 0.00591159681822418
24.6053946053946 1.02836303113724E-18 7.96907225814052E-07 0.00584415503558065
24.6353646353646 9.70894719964723E-19 7.77320411162041E-07 0.00577741151578352
24.6653346653347 9.16635213972218E-19 7.58210109095639E-07 0.00571136012650923
24.6953046953047 8.65405504054523E-19 7.39564860895978E-07 0.00564599477201775
24.7252747252747 8.17036558257938E-19 7.21373479737614E-07 0.0055813093932296
24.7552447552448 7.71368766235211E-19 7.03625044336542E-07 0.00551729796779601
24.7852147852148 7.2825141460296E-19 6.86308892743901E-07 0.00545395451016225
24.8151848151848 6.87542191484439E-19 6.69414616282092E-07 0.0053912730716247
24.8451548451548 6.4910671861585E-19 6.52932053620134E-07 0.00532924774038133
24.8751248751249 6.12818109484307E-19 6.36851284985108E-07 0.00526787264157593
24.9050949050949 5.78556552050739E-19 6.2116262650664E-07 0.00520714193733611
24.9350649350649 5.46208914691247E-19 6.05856624691434E-07 0.00514704982680537
24.965034965035 5.15668374066329E-19 5.90924051024924E-07 0.00508759054616916
24.995004995005 4.86834063699037E-19 5.76355896697189E-07 0.00502875836867499
25.024975024975 4.59610742110807E-19 5.62143367450319E-07 0.00497054760464711
25.0549450549451 4.33908479427686E-19 5.48277878544518E-07 0.00491295260149538
25.0849150849151 4.09642361429947E-19 5.34751049840234E-07 0.00485596774371876
25.1148851148851 3.86732210075268E-19 5.21554700993722E-07 0.00479958745290328
25.1448551448551 3.65102319579399E-19 5.08680846763477E-07 0.00474380618771501
25.1748251748252 3.44681207189191E-19 4.96121692425012E-07 0.00468861844388767
25.2047952047952 3.25401377830884E-19 4.83869629291549E-07 0.00463401875420522
25.2347652347652 3.07199101861989E-19 4.71917230338236E-07 0.00458000168847954
25.2647352647353 2.90014205197899E-19 4.60257245927515E-07 0.00452656185352336
25.2947052947053 2.73789871124934E-19 4.48882599633375E-07 0.00447369389311828
25.3246753246753 2.58472453149725E-19 4.37786384162249E-07 0.00442139248797826
25.3546453546454 2.44011298270981E-19 4.26961857368351E-07 0.0043696523557086
25.3846153846154 2.30358580093806E-19 4.16402438361313E-07 0.00431846825076043
25.4145854145854 2.17469141238936E-19 4.06101703704036E-07 0.00426783496438086
25.4445554445554 2.05300344529748E-19 3.96053383698706E-07 0.00421774732455893
25.4745254745255 1.93811932468569E-19 3.86251358758949E-07 0.00416820019596742
25.5044955044955 1.82965894541044E-19 3.76689655866196E-07 0.00411918847990059
25.5344655344655 1.72726341912892E-19 3.67362445108324E-07 0.00407070711420786
25.5644355644356 1.63059389107647E-19 3.58264036298708E-07 0.00402275107322389
25.5944055944056 1.53933042276829E-19 3.49388875673836E-07 0.00397531536769455
25.6243756243756 1.45317093695618E-19 3.40731542667735E-07 0.00392839504469951
25.6543456543457 1.37183022137458E-19 3.32286746761403E-07 0.00388198518757094
25.6843156843157 1.29503898800363E-19 3.24049324405584E-07 0.00383608091580897
25.7142857142857 1.22254298475817E-19 3.16014236015181E-07 0.00379067738499356
25.7442557442557 1.15410215668418E-19 3.08176563033687E-07 0.00374576978669298
25.7742257742258 1.08948985390597E-19 3.00531505066023E-07 0.00370135334836924
25.8041958041958 1.0284920837211E-19 2.93074377078227E-07 0.00365742333328009
25.8341658341658 9.70906804384629E-20 2.85800606662465E-07 0.00361397504037814
25.8641358641359 9.16543258261089E-20 2.78705731365861E-07 0.00357100380420675
25.8941058941059 8.65221342151781E-20 2.71785396081686E-07 0.00352850499479321
25.9240759240759 8.16771012726891E-20 2.65035350501492E-07 0.00348647401753886
25.954045954046 7.71031725107196E-20 2.58451446626769E-07 0.00344490631310648
25.984015984016 7.2785190274884E-20 2.52029636338777E-07 0.00340379735730505
26.013986013986 6.87088436887556E-20 2.45765969025221E-07 0.00336314266097177
26.043956043956 6.48606213895525E-20 2.39656589262444E-07 0.00332293776985154
26.0739260739261 6.12277668995924E-20 2.33697734551883E-07 0.00328317826447396
26.1038961038961 5.77982364866635E-20 2.27885733109533E-07 0.00324385976002792
26.1338661338661 5.45606593746352E-20 2.22217001707191E-07 0.00320497790623381
26.1638361638362 5.15043001733533E-20 2.16688043564311E-07 0.00316652838721339
26.1938061938062 4.86190234041504E-20 2.11295446289277E-07 0.00312850692135758
26.2237762237762 4.58952600041931E-20 2.06035879868979E-07 0.003090909261192
26.2537462537463 4.33239756993804E-20 2.0090609470557E-07 0.00305373119324042
26.2837162837163 4.08966411416555E-20 1.9590291969931E-07 0.00301696853788621
26.3136863136863 3.86052037123876E-20 1.91023260376443E-07 0.00298061714923183
26.3436563436563 3.64420608989584E-20 1.86264097061069E-07 0.00294467291495647
26.3736263736264 3.44000351568567E-20 1.81622483089984E-07 0.00290913175617173
26.4035964035964 3.24723501744703E-20 1.77095543069504E-07 0.00287398962727565
26.4335664335664 3.06526084623782E-20 1.72680471173306E-07 0.00283924251580497
26.4635364635365 2.89347701932951E-20 1.68374529480328E-07 0.00280488644228576
26.4935064935065 2.73131332229407E-20 1.64175046351803E-07 0.00277091746008238
26.5234765234765 2.57823142259856E-20 1.60079414846532E-07 0.00273733165524497
26.5534465534466 2.43372308848957E-20 1.56085091173494E-07 0.00270412514635549
26.5834165834166 2.29730850729597E-20 1.52189593180939E-07 0.00267129408437213
26.6133866133866 2.16853469760581E-20 1.48390498881124E-07 0.00263883465247262
26.6433566433566 2.04697401008159E-20 1.44685445009839E-07 0.00260674306589597
26.6733266733267 1.93222271197053E-20 1.41072125619955E-07 0.00257501557178312
26.7032967032967 1.82389965064123E-20 1.37548290708165E-07 0.00254364844901619
26.7332667332667 1.72164499173897E-20 1.34111744874176E-07 0.00251263800805674
26.7632367632368 1.62511902779678E-20 1.30760346011584E-07 0.00248198059078276
26.7932067932068 1.53400105337216E-20 1.27492004029701E-07 0.00245167257032466
26.8231768231768 1.44798830299785E-20 1.24304679605607E-07 0.00242171035090022
26.8531468531469 1.36679494844205E-20 1.21196382965733E-07 0.00239209036764854
26.8831168831169 1.29015115196905E-20 1.18165172696282E-07 0.00236280908646312
26.9130869130869 1.21780217247543E-20 1.15209154581821E-07 0.0023338630038239
26.9430569430569 1.14950752155133E-20 1.12326480471375E-07 0.00230524864662867
26.973026973027 1.08504016668063E-20 1.09515347171405E-07 0.00227696257202347
27.002997002997 1.02418577894964E-20 1.06773995365014E-07 0.0022490013672324
27.032967032967 9.66742022779844E-21 1.04100708556801E-07 0.00222136164938658
27.0629370629371 9.12517885339535E-21 1.01493812042734E-07 0.00219404006535253
27.0929070929071 8.61333043419429E-21 9.89516719044771E-08 0.00216703329155988
27.1228771228771 8.13017265681086E-21 9.64726940275965E-08 0.00214033803382843
27.1528471528472 7.67409848303552E-21 9.40553231430835E-08 0.00211395102719478
27.1828171828172 7.2435908216372E-21 9.16980418916505E-08 0.00208786903573834
27.2127872127872 6.83721749790022E-21 8.93993699102714E-08 0.00206208885240686
27.2427572427572 6.45362650427046E-21 8.71578629404395E-08 0.00203660729884157
27.2727272727273 6.0915415164164E-21 8.49721119576395E-08 0.0020114212252019
27.3026973026973 5.74975765988441E-21 8.28407423215333E-08 0.00198652750998979
27.3326673326673 5.42713751335537E-21 8.07624129463771E-08 0.00196192305987369
27.3626373626374 5.12260733529004E-21 7.87358154911933E-08 0.00193760480951226
27.3926073926074 4.83515350148782E-21 7.67596735692332E-08 0.00191356972137777
27.4225774225774 4.56381914177988E-21 7.48327419762825E-08 0.00188981478557935
27.4525474525475 4.30770096473438E-21 7.2953805937361E-08 0.00186633701968585
27.4825174825175 4.06594625987265E-21 7.11216803713887E-08 0.00184313346854877
27.5124875124875 3.83775006748107E-21 6.93352091733951E-08 0.00182020120412485
27.5424575424575 3.62235250665669E-21 6.75932645138592E-08 0.00179753732529861
27.5724275724276 3.41903625274698E-21 6.58947461547768E-08 0.00177513895770485
27.6023976023976 3.22712415583813E-21 6.42385807820639E-08 0.00175300325355102
27.6323676323676 3.04597699241122E-21 6.26237213539085E-08 0.00173112739143965
27.6623376623377 2.87499134272616E-21 6.10491464646976E-08 0.00170950857619064
27.6923076923077 2.71359758690854E-21 5.95138597241518E-08 0.00168814403866377
27.7222777222777 2.56125801310637E-21 5.80168891513098E-08 0.0016670310355811
27.7522477522478 2.4174650314545E-21 5.65572865830115E-08 0.0016461668493495
27.7822177822178 2.28173948793355E-21 5.5134127096538E-08 0.00162554878788332
27.8121878121878 2.15362907254117E-21 5.37465084460772E-08 0.00160517418442719
27.8421578421578 2.03270681650406E-21 5.23935505126842E-08 0.0015850403973789
27.8721278721279 1.91856967355469E-21 5.10743947674214E-08 0.00156514481011251
27.9020979020979 1.81083718057364E-21 4.97882037473648E-08 0.00154548483080168
27.9320679320679 1.70915019316149E-21 4.85341605441754E-08 0.0015260578922432
27.962037962038 1.6131696919516E-21 4.73114683049336E-08 0.00150686145168073
27.992007992008 1.52257565570932E-21 4.61193497449533E-08 0.00148789299062888
28.021978021978 1.43706599748381E-21 4.49570466722857E-08 0.00146915001469752
28.0519480519481 1.35635556028738E-21 4.38238195236407E-08 0.00145063005341642
28.0819180819181 1.28017516897419E-21 4.27189469114537E-08 0.0014323306600602
28.1118881118881 1.20827073517593E-21 4.16417251818336E-08 0.00141424941147367
28.1418581418581 1.14040241232783E-21 4.05914679831355E-08 0.0013963839078975
28.1718281718282 1.07634379798386E-21 3.95675058449044E-08 0.00137873177279426
28.2017982017982 1.01588118077687E-21 3.85691857669457E-08 0.00136129065267493
28.2317682317682 9.58812829526776E-22 3.75958708182814E-08 0.00134405821692575
28.2617382617383 9.04948322139521E-22 3.66469397457573E-08 0.00132703215763559
28.2917082917083 8.54107912071574E-22 3.57217865920723E-08 0.00131021018942369
28.3216783216783 8.06121930258591E-22 3.48198203230061E-08 0.00129359004926793
28.3516483516484 7.60830220524708E-22 3.39404644636266E-08 0.00127716949633359
28.3816183816184 7.18081606599542E-22 3.30831567432635E-08 0.00126094631180258
28.4115884115884 6.77733388974862E-22 3.22473487490403E-08 0.0012449182987032
28.4415584415584 6.3965086993149E-22 3.14325055877597E-08 0.00122908328174042
28.4715284715285 6.03706905160516E-22 3.06381055559455E-08 0.00121343910712678
28.5014985014985 5.69781480490894E-22 2.98636398178448E-08 0.00119798364241371
28.5314685314685 5.37761312318695E-22 2.91086120912034E-08 0.0011827147763236
28.5614385614386 5.07539470411806E-22 2.8372538340626E-08 0.00116763041858228
28.5914085914086 4.79015021838084E-22 2.76549464783443E-08 0.00115272849975222
28.6213786213786 4.52092694834858E-22 2.69553760722129E-08 0.00113800697106633
28.6513486513487 4.26682561503871E-22 2.62733780607626E-08 0.00112346380426231
28.6813186813187 4.02699738278103E-22 2.56085144751424E-08 0.00110909699141774
28.7112887112887 3.80064103165849E-22 2.49603581677851E-08 0.00109490454478571
28.7412587412587 3.5870002883303E-22 2.43284925476375E-08 0.00108088449663122
28.7712287712288 3.38536130637247E-22 2.3712511321796E-08 0.00106703489906813
28.8011988011988 3.19505028776677E-22 2.31120182433976E-08 0.00105335382389689
28.8311688311688 3.01543123763673E-22 2.25266268656138E-08 0.0010398393624429
28.8611388611389 2.84590384477191E-22 2.19559603016038E-08 0.00102648962539558
28.8911088911089 2.6859014808982E-22 2.13996509902828E-08 0.0010133027426482
28.9210789210789 2.53488931204657E-22 2.08573404677678E-08 0.00100027686313829
28.9510489510489 2.39236251574374E-22 2.03286791443633E-08 0.00098741015468894
28.981018981019 2.25784459810026E-22 1.98133260869564E-08 0.000974700803850726
29.010989010989 2.13088580520217E-22 1.93109488066891E-08 0.000962147015744413
29.040959040959 2.01106162352587E-22 1.88212230517839E-08 0.000949747013904392
29.0709290709291 1.89797136439107E-22 1.83438326053973E-08 0.000937499040122897
29.1008991008991 1.79123682774578E-22 1.78784690883821E-08 0.000925401354294967
29.1308691308691 1.69050104084046E-22 1.74248317668395E-08 0.00091345223426417
29.1608391608392 1.59542706759706E-22 1.69826273643467E-08 0.000901649975669126
29.1908091908092 1.50569688471383E-22 1.65515698787483E-08 0.000889992891790809
29.2207792207792 1.42101032076766E-22 1.61313804034006E-08 0.000878479313400619
29.2507492507493 1.34108405478552E-22 1.57217869527632E-08 0.000867107588609264
29.2807192807193 1.26565067095373E-22 1.53225242922323E-08 0.000855876082716447
29.3106893106893 1.19445776632046E-22 1.49333337721149E-08 0.00084478317806135
29.3406593406593 1.12726710852262E-22 1.45539631656434E-08 0.000833827273873922
29.3706293706294 1.06385384073487E-22 1.41841665109338E-08 0.000823006786126996
29.4005994005994 1.00400573119489E-22 1.38237039567929E-08 0.000812320147389226
29.4305694305694 9.47522464807586E-23 1.34723416122809E-08 0.000801765806678839
29.4605394605395 8.94214974470504E-23 1.31298513999406E-08 0.000791342229318212
29.4905094905095 8.43904809894758E-23 1.27960109126033E-08 0.000781047896789302
29.5204795204795 7.96423541820449E-23 1.24706032736858E-08 0.000770881306589893
29.5504495504495 7.51612199643122E-23 1.21534170008953E-08 0.000760840972090684
29.5804195804196 7.09320740579003E-23 1.18442458732581E-08 0.000750925422393224
29.6103896103896 6.69407548601406E-23 1.15428888013939E-08 0.000741133202188702
29.6403596403596 6.3173896147988E-23 1.12491497009563E-08 0.000731462871617569
29.6703296703297 5.96188824346988E-23 1.09628373691634E-08 0.00072191300613001
29.7002997002997 5.6263806830587E-23 1.06837653643436E-08 0.000712482196347291
29.7302697302697 5.30974312675013E-23 1.04117518884246E-08 0.000703169047923944
29.7602397602398 5.01091489545235E-23 1.01466196722936E-08 0.000693972181410805
29.7902097902098 4.72889489398201E-23 9.88819586395977E-09 0.000684890232118926
29.8201798201798 4.46273826605701E-23 9.63631191945146E-09 0.000675921849984347
29.8501498501499 4.21155323695207E-23 9.39080349638139E-09 0.000667065699433722
29.8801198801199 3.97449813329581E-23 9.151510350116E-09 0.000658320459250805
29.9100899100899 3.75077857007767E-23 8.91827623248551E-09 0.000649684822443828
29.9400599400599 3.53964479548943E-23 8.6909487929733E-09 0.000641157496113707
