0.588235294117647 0.390253139747602 0.052025405797244 0.0160023361628579
1.17647058823529 0.510642001523181 0.0429158088037282 0.0118770433498263
1.76470588235294 0.375845355945468 0.00671107064023517 0.000992000992331947
2.35294117647059 0.218573143401586 0.00469298397549513 0.00326552500885823
2.94117647058824 0.111718979676628 0.0418555848009553 0.0172000450251971
3.52941176470588 0.0526259064405091 0.0960133294808256 0.0321399599880362
4.11764705882353 0.0234316733864883 0.144875928530718 0.0396253072483597
4.70588235294118 0.0100114581346174 0.176117692901168 0.037230313121975
5.29411764705882 0.0041448853005422 0.18708810123801 0.0274883489583841
5.88235294117647 0.00167393131770082 0.181058593143695 0.0151944276161393
6.47058823529412 0.000662572095661708 0.163594566851009 0.00502902747215694
7.05882352941176 0.000257941012271748 0.140198611635798 0.000186998898798825
7.64705882352941 9.90272568678764E-05 0.115194683275632 0.00197023743651866
8.23529411764706 3.75693993910867E-05 0.0914529092747346 0.010023725987484
8.82352941176471 1.41081749159874E-05 0.0705567075304088 0.0228733644831058
9.41176470588235 5.25095648455014E-06 0.0531332504967399 0.0385113889183721
10 1.93912780279253E-06 0.0391902853145061 0.0548831696750878
10.5882352941176 7.11154131120376E-07 0.0283902535423908 0.0702176670910249
11.1764705882353 2.59200637567516E-07 0.0202445762915702 0.0832015913470592
11.7647058823529 9.39504774323734E-08 0.0142362306780965 0.0930272471578794
12.3529411764706 3.38834579959723E-08 0.00988766137670584 0.0993539626028078
12.9411764705882 1.21647905232115E-08 0.00679148765373688 0.102220922581915
13.5294117647059 4.34935725284042E-09 0.00461833832200758 0.101941438767154
14.1176470588235 1.54918052824355E-09 0.00311218204766908 0.0989993564785184
14.7058823529412 5.49882248850292E-10 0.00207996519821436 0.0939597693188873
15.2941176470588 1.94556845127458E-10 0.00137964214070357 0.0873995184203238
15.8823529411765 6.86337113962325E-11 0.000908793569697007 0.0798583084775804
16.4705882352941 2.41454973292453E-11 0.000594824924545658 0.0718084525953727
17.0588235294118 8.47278575151807E-12 0.000387032328577679 0.0636398579384251
17.6470588235294 2.96608009753842E-12 0.000250452071113726 0.0556564551354223
18.2352941176471 1.0360337164441E-12 0.000161244667233271 0.0480804818373806
18.8235294117647 3.61127526993311E-13 0.000103317626848542 0.0410615650237054
19.4117647058824 1.25631530608548E-13 6.59050738080682E-05 0.0346882043983059
20 4.36253309379497E-14 4.18627546084401E-05 0.0289999117149209
20.5882352941176 1.5122622268984E-14 2.64844633349606E-05 0.0239988365887444
21.1764705882353 5.23366707767326E-15 1.66907618834479E-05 0.0196601771058072
21.7647058823529 1.80848328838022E-15 1.04790170149268E-05 0.0159410281128024
22.3529411764706 6.24004715131157E-16 6.55421880593866E-06 0.0127875711708359
22.9411764705882 2.15009945301443E-16 4.083312986043E-06 0.0101406746333902
23.5294117647059 7.39869553934434E-17 2.53300511137903E-06 0.00794006906057972
24.1176470588235 2.5427316440549E-17 1.563434932746E-06 0.00612731015848814
24.7058823529412 8.72780733894827E-18 9.58926687868886E-07 0.00464775410852583
25.2941176470588 2.99190340721539E-18 5.83154411405144E-07 0.0034517609713763
25.8823529411765 1.0240392892817E-18 3.50273487496376E-07 0.00249532025894617
26.4705882352941 3.4965652902626E-19 2.06428004861753E-07 0.00174026555894338
27.0588235294118 1.18793136707042E-19 1.1796313653145E-07 0.0011542168890399
27.6470588235294 3.98451411841682E-20 6.39494946051955E-08 0.000710363194811355
28.2352941176471 1.28851983682592E-20 3.14704482862758E-08 0.000387174816249203
28.8235294117647 3.72059061551202E-21 1.2677756269331E-08 0.000168117737308707
29.4117647058824 7.05265985307512E-22 2.98407551495307E-09 4.14284039787555E-05
