1 118.991774997856
1.14141414141414 116.131263020233
1.28282828282828 113.339516541522
1.42424242424242 110.614882468194
1.56565656565657 107.955747446389
1.70707070707071 105.360536906592
1.84848484848485 102.827714131274
1.98989898989899 100.355779344946
2.13131313131313 97.9432688260888
2.27272727272727 95.5887540404274
2.41414141414141 93.290840795049
2.55555555555556 91.0481684128484
2.6969696969697 88.8594089268231
2.83838383838384 86.7232662937359
2.97979797979798 84.6384756266813
3.12121212121212 82.6038024461005
3.26262626262626 80.6180419488015
3.4040404040404 78.6800182945516
3.54545454545455 76.7885839098205
3.68686868686869 74.9426188082605
3.82828282828283 73.1410299275224
3.96969696969697 71.3827504820136
4.11111111111111 69.6667393312167
4.25252525252525 67.9919803631918
4.39393939393939 66.357481892901
4.53535353535353 64.7622760749952
4.67676767676768 63.2054183307186
4.81818181818182 61.6859867885895
4.95959595959596 60.203081738527
5.1010101010101 58.7558250991
5.24242424242424 57.3433598975842
5.38383838383838 55.9648497625171
5.52525252525253 54.619478428453
5.66666666666667 53.3064492526221
5.80808080808081 52.0249847432104
5.94949494949495 50.7743260989783
6.09090909090909 49.5537327599474
6.23232323232323 48.3624819688882
6.37373737373737 47.1998683433493
6.51515151515151 46.0652034579756
6.65656565656566 44.9578154368663
6.7979797979798 43.8770485557334
6.93939393939394 42.8222628536236
7.08080808080808 41.7928337539745
7.22222222222222 40.7881516947801
7.36363636363636 39.8076217676477
7.50505050505051 38.8506633655306
7.64646464646465 37.9167098389303
7.78787878787879 37.0052081603625
7.92929292929293 36.1156185968903
8.07070707070707 35.247414390528
8.21212121212121 34.4000814463295
8.35353535353535 33.573118027974
8.49494949494949 32.7660344606696
8.63636363636364 31.9783528411994
8.77777777777778 31.2096067549381
8.91919191919192 30.4593409996705
9.06060606060606 29.7271113160506
9.2020202020202 29.0124841245392
9.34343434343434 28.3150362686657
9.48484848484848 27.6343547644626
9.62626262626263 26.9700365559222
9.76767676767677 26.321688276333
9.90909090909091 25.6889260153527
10.0505050505051 25.0713750916817
10.1919191919192 24.4686698312003
10.3333333333333 23.8804533504402
10.4747474747475 23.3063773452607
10.6161616161616 22.7461018846054
10.7575757575758 22.199295209217
10.8989898989899 21.6656335351905
11.040404040404 21.1448008622489
11.1818181818182 20.6364887866286
11.3232323232323 20.1403963184619
11.4646464646465 19.6562297035504
11.6060606060606 19.1837022494224
11.7474747474747 18.7225341555721
11.8888888888889 18.2724523477797
12.030303030303 17.8331903164141
12.1717171717172 17.404487958623
12.3131313131313 16.986091424317
12.4545454545455 16.5777529658552
12.5959595959596 16.1792307913457
12.7373737373737 15.7902889214711
12.8787878787879 15.4106970497572
13.020202020202 15.0402304062002
13.1616161616162 14.6786696241721
13.3030303030303 14.3258006105259
13.4444444444444 13.9814144188233
13.5858585858586 13.6453071256102
13.7272727272727 13.3172797096661
13.8686868686869 12.9971379341565
14.010101010101 12.6846922316184
14.1515151515152 12.3797575917102
14.2929292929293 12.0821534516612
14.4343434343434 11.7917035893528
14.5757575757576 11.5082360189722
14.7171717171717 11.2315828891725
14.8585858585859 10.9615803836824
15 10.6980686243044
