1 115.275981097411 122.827343409687 118.513299492362 119.47218225962
1.14141414141414 112.50479523463 119.874625988594 115.598404975093 116.66657730771
1.28282828282828 109.800227508714 116.992890646302 112.755203762146 113.926857309078
1.42424242424242 107.160676447811 114.180431003638 109.981932520457 111.251475065475
1.56565656565657 104.584579078773 111.435581702063 107.276871287028 108.638919712023
1.70707070707071 102.070410001668 108.756717417554 104.638342402221 106.087715863986
1.84848484848485 99.6166804865324 106.14225189819 102.064709469286 103.596422783576
1.98989898989899 97.2219375918418 103.590637024875 99.5543763394761 101.163633566333
2.13131313131313 94.8847633041724 101.100361894644 97.1057861221325 98.7879743465983
2.27272727272727 92.6037736985433 98.6699519259988 94.7174202191077 96.4681035216588
2.41414141414141 90.3776181189453 96.2979679857571 92.3877973829435 94.2027109941031
2.55555555555556 88.2049783785692 93.9830055368909 90.1154727982121 91.9905174319729
2.6969696969697 86.0845679792589 91.7236938068483 87.8990371854514 89.8302735462871
2.83838383838384 84.0151313497308 89.5186949758702 85.7371159271404 87.7207593855329
2.97979797979798 81.9954431021038 87.3667033848192 83.6283682151706 85.6607836467243
3.12121212121212 80.0243073063039 85.2664447620516 81.5714862192872 83.6491830026391
3.26262626262626 78.1005567819105 83.2166754688753 79.5651942759814 81.6848214448547
3.4040404040404 76.2230524070268 81.216181763147 77.6082480973336 79.7665896422118
3.54545454545455 74.3906824437652 79.2637790805713 75.6994339993143 77.8934043143434
3.68686868686869 72.6023618799469 77.358311333278 73.8375681490668 76.0642076199151
3.82828282828283 70.8570317866272 75.4986502252603 72.0214958307015 74.2779665592322
3.96969696969697 69.1536586910659 73.683694584271 70.2500907291502 72.5336723908749
4.11111111111111 67.4912339647705 71.9123697097778 68.5222542316331 70.8303400620336
4.25252525252525 65.8687732262511 70.1836267365954 66.8369147463073 69.1670076522207
4.39393939393939 64.2853157581329 68.4964420138141 65.1930270376728 67.5427358300474
4.53535353535353 62.7399239382806 66.8498164986591 63.5895715783254 65.9566073227559
4.67676767676768 61.2316826845989 65.2427751649221 62.0255539166527 64.4077263982092
4.81818181818182 59.7596989131791 63.6743664256125 60.5000040600824 62.8952183590459
4.95959595959596 58.3231010094723 62.1436615694888 59.0119758735001 61.4182290487131
5.1010101010101 56.921038312175 60.6497542111353 57.5605464924627 59.9759243691004
5.24242424242424 55.5526806095218 59.1917597542584 56.1448157508448 58.5674898095001
5.38383838383838 54.2172176476873 57.7688148678856 54.7639056225619 57.1921299866303
5.52525252525253 52.9138586510056 56.3800769751563 53.4169596770248 55.8490681954589
5.66666666666667 51.6418318537236 55.0247237544011 52.1031425479878 54.5375459705763
5.80808080808081 50.4003840430105 53.7019526522163 50.8216394154603 53.2568226578677
5.94949494949495 49.188780112954 52.4109804082427 49.5716555003613 52.0061749962456
6.09090909090909 48.0063026292768 51.151042591369 48.3524155716031 50.7848967092023
6.23232323232323 46.8522514045186 49.9213931470849 47.1631634652986 49.5922981059564
6.37373737373737 45.7259430834298 48.7213039557151 46.0031616157936 48.4277056919641
6.51515151515151 44.626710738332 47.5500644012734 44.8716905982343 47.2904617885778
6.65656565656566 43.5539034742065 46.4069809506818 43.7680486823848 46.1799241616362
6.7979797979798 42.5068860432754 45.2913767431042 42.691551397419 45.0954656587761
6.93939393939394 41.4850384688492 44.2025911891531 41.6415311074171 44.0364738552615
7.08080808080808 40.4877556782158 43.1399795797305 40.6173365973019 43.0023507081302
7.22222222222222 39.5144471443556 42.1029127042726 39.6183326689606 41.9925122184614
7.36363636363636 38.5645365362686 41.0907764781718 38.643899747299 41.0063881015751
7.50505050505051 37.6374613777087 40.1029715791547 37.6934334959854 40.0434214649759
7.64646464646465 36.7326727141209 39.1389130924022 36.766344442646 39.1030684938599
7.78787878787879 35.8496347875859 38.1980301642001 35.8620576132779 38.1847981440069
7.92929292929293 34.987824719578 37.2797656639163 34.9800121756544 37.2880918418846
8.07070707070707 34.1467322013504 36.3835758541037 34.1196610915012 36.4124431917954
8.21212121212121 33.325859191763 35.5089300685334 33.2804707772267 35.5573576898997
8.35353535353535 32.5247196223741 34.6553103979685 32.4619207729976 34.7223524449564
8.49494949494949 31.742839109622 33.8222113834912 31.6635034199533 33.9069559056194
8.63636363636364 30.979754673925 33.0091397172025 30.8847235453594 33.1107075941399
8.77777777777778 30.2350144655352 32.2156139501167 30.1250981555056 32.3331578463209
8.91919191919192 29.5081774969816 31.4411642070783 29.3841561361558 31.5738675575792
9.06060606060606 28.7988133819455 30.6853319085318 28.6614379603667 30.8324079349702
9.2020202020202 28.1065020804134 29.9476694989808 27.9564954034926 30.1083602550368
9.34343434343434 27.4308336499564 29.2277401819733 27.2688912651996 29.4013156273439
9.48484848484848 26.7714080029881 28.5251176614597 26.598199098317 28.7108747635662
9.62626262626263 26.1278346698586 27.8393858893673 25.9440029443578 28.036647751999
9.76767676767677 25.4997325676433 27.1701388192431 25.3058970755443 27.3782538373634
9.90909090909091 24.8867297744904 26.5169801658193 24.6834857431787 26.7353212057837
10.0505050505051 24.2884633093917 25.8795231703582 24.0763829322024 26.1074867748126
10.1919191919192 23.7045789172493 25.2573903716391 23.4842121217924 25.4943959883887
10.3333333333333 23.1347308591082 24.6502133824492 22.9066060518457 24.8957026166083
10.4747474747475 22.5785817074316 24.0576326714486 22.3432064952071 24.3110685601997
10.6161616161616 22.035802146298 23.4792973502791 21.7936640354995 23.7401636595887
10.7575757575758 21.5060707764017 22.9148649657899 21.2576378504182 23.1826655084479
10.8989898989899 20.9890739247403 22.3640012972597 20.7347955003554 22.6382592716251
11.040404040404 20.4845054588778 21.8263801584916 20.2248127222236 22.1066375073464
11.1818181818182 19.9920666056726 21.3016832046674 19.7273732283497 21.5874999935952
11.3232323232323 19.5114657743632 20.7895997438436 19.2421685103159 21.0805535585684
11.4646464646465 19.0424183839066 20.2898265529796 18.768897647625 20.5855119151138
11.6060606060606 18.584646694468 19.8020676983888 18.3072671210715 20.1020954990552
11.7474747474747 18.1378796429607 19.3260343605051 17.8569906307032 19.6300313113152
11.8888888888889 17.7018526825401 18.8614446628628 17.4177889182597 19.1690527637443
12.030303030303 17.2763076259559 18.4080235051874 16.9893895939792 18.718899528571
12.1717171717172 16.8609924926702 17.9655024004985 16.5715269676632 18.2793173913875
12.3131313131313 16.4556613596507 17.5336193161293 16.1639418838986 17.8500581075873
12.4545454545455 16.0600742157508 17.1121185185678 15.7663815613301 17.4308792621746
12.5959595959596 15.6739968195905 16.7007504220271 15.3785994358881 17.0215441328654
12.7373737373737 15.2972005608536 16.2992714406576 15.0003550078706 16.6218215564037
12.8787878787879 14.9294623249191 15.9074438443102 14.6314136927876 16.2314857980171
13.020202020202 14.5705643607475 15.5250356177682 14.2715466758732 15.850316423938
13.1616161616162 14.220294151942 15.1518203233628 13.9205307701761 15.4780981769179
13.3030303030303 13.8784442909102 14.787576966891 13.5781482781413 15.1146208546661
13.4444444444444 13.5448123560506 14.4320898667568 13.2441868565949 14.759679191142
13.5858585858586 13.2192007918914 14.0851485262589 12.9184393850509 14.4130727406355
13.7272727272727 12.9014167921108 13.7465475089475 12.6007038372562 14.07460576457
13.8686868686869 12.5912721853697 13.4160863169785 12.2907831558957 13.7440871209627
14.010101010101 12.2885833238883 13.0935692723909 11.9884851303785 13.4213301564815
14.1515151515152 11.9931709747017 12.7788054012395 11.6936222776304 13.1061526010367
14.2929292929293 11.70486021353 12.4716083205118 11.4060117258182 12.7983764648476
14.4343434343434 11.4234803211987 12.1717961277641 11.1254751009339 12.4978279379265
14.5757575757576 11.1488646825505 11.8791912934108 10.8518384161682 12.2043372919235
14.7171717171717 10.8808506877857 11.5936205556024 10.5849319640057 11.917738784276
14.8585858585859 10.6192796361757 11.3149148176309 10.3245902109728 11.637870564609
15 10.3639966420901 11.0429090478019 10.0706516949757 11.3645745833336
1 115.275981097411 122.827343409687 118.513299492362 119.47218225962
1.14141414141414 112.50479523463 119.874625988594 115.598404975093 116.66657730771
1.28282828282828 109.800227508714 116.992890646302 112.755203762146 113.926857309078
1.42424242424242 107.160676447811 114.180431003638 109.981932520457 111.251475065475
1.56565656565657 104.584579078773 111.435581702063 107.276871287028 108.638919712023
1.70707070707071 102.070410001668 108.756717417554 104.638342402221 106.087715863986
1.84848484848485 99.6166804865324 106.14225189819 102.064709469286 103.596422783576
1.98989898989899 97.2219375918418 103.590637024875 99.5543763394761 101.163633566333
2.13131313131313 94.8847633041724 101.100361894644 97.1057861221325 98.7879743465983
2.27272727272727 92.6037736985433 98.6699519259988 94.7174202191077 96.4681035216588
2.41414141414141 90.3776181189453 96.2979679857571 92.3877973829435 94.2027109941031
2.55555555555556 88.2049783785692 93.9830055368909 90.1154727982121 91.9905174319729
2.6969696969697 86.0845679792589 91.7236938068483 87.8990371854514 89.8302735462871
2.83838383838384 84.0151313497308 89.5186949758702 85.7371159271404 87.7207593855329
2.97979797979798 81.9954431021038 87.3667033848192 83.6283682151706 85.6607836467243
3.12121212121212 80.0243073063039 85.2664447620516 81.5714862192872 83.6491830026391
3.26262626262626 78.1005567819105 83.2166754688753 79.5651942759814 81.6848214448547
3.4040404040404 76.2230524070268 81.216181763147 77.6082480973336 79.7665896422118
3.54545454545455 74.3906824437652 79.2637790805713 75.6994339993143 77.8934043143434
3.68686868686869 72.6023618799469 77.358311333278 73.8375681490668 76.0642076199151
3.82828282828283 70.8570317866272 75.4986502252603 72.0214958307015 74.2779665592322
3.96969696969697 69.1536586910659 73.683694584271 70.2500907291502 72.5336723908749
4.11111111111111 67.4912339647705 71.9123697097778 68.5222542316331 70.8303400620336
4.25252525252525 65.8687732262511 70.1836267365954 66.8369147463073 69.1670076522207
4.39393939393939 64.2853157581329 68.4964420138141 65.1930270376728 67.5427358300474
4.53535353535353 62.7399239382806 66.8498164986591 63.5895715783254 65.9566073227559
4.67676767676768 61.2316826845989 65.2427751649221 62.0255539166527 64.4077263982092
4.81818181818182 59.7596989131791 63.6743664256125 60.5000040600824 62.8952183590459
4.95959595959596 58.3231010094723 62.1436615694888 59.0119758735001 61.4182290487131
5.1010101010101 56.921038312175 60.6497542111353 57.5605464924627 59.9759243691004
5.24242424242424 55.5526806095218 59.1917597542584 56.1448157508448 58.5674898095001
5.38383838383838 54.2172176476873 57.7688148678856 54.7639056225619 57.1921299866303
5.52525252525253 52.9138586510056 56.3800769751563 53.4169596770248 55.8490681954589
5.66666666666667 51.6418318537236 55.0247237544011 52.1031425479878 54.5375459705763
5.80808080808081 50.4003840430105 53.7019526522163 50.8216394154603 53.2568226578677
5.94949494949495 49.188780112954 52.4109804082427 49.5716555003613 52.0061749962456
6.09090909090909 48.0063026292768 51.151042591369 48.3524155716031 50.7848967092023
6.23232323232323 46.8522514045186 49.9213931470849 47.1631634652986 49.5922981059564
6.37373737373737 45.7259430834298 48.7213039557151 46.0031616157936 48.4277056919641
6.51515151515151 44.626710738332 47.5500644012734 44.8716905982343 47.2904617885778
6.65656565656566 43.5539034742065 46.4069809506818 43.7680486823848 46.1799241616362
6.7979797979798 42.5068860432754 45.2913767431042 42.691551397419 45.0954656587761
6.93939393939394 41.4850384688492 44.2025911891531 41.6415311074171 44.0364738552615
7.08080808080808 40.4877556782158 43.1399795797305 40.6173365973019 43.0023507081302
7.22222222222222 39.5144471443556 42.1029127042726 39.6183326689606 41.9925122184614
7.36363636363636 38.5645365362686 41.0907764781718 38.643899747299 41.0063881015751
7.50505050505051 37.6374613777087 40.1029715791547 37.6934334959854 40.0434214649759
7.64646464646465 36.7326727141209 39.1389130924022 36.766344442646 39.1030684938599
7.78787878787879 35.8496347875859 38.1980301642001 35.8620576132779 38.1847981440069
7.92929292929293 34.987824719578 37.2797656639163 34.9800121756544 37.2880918418846
8.07070707070707 34.1467322013504 36.3835758541037 34.1196610915012 36.4124431917954
8.21212121212121 33.325859191763 35.5089300685334 33.2804707772267 35.5573576898997
8.35353535353535 32.5247196223741 34.6553103979685 32.4619207729976 34.7223524449564
8.49494949494949 31.742839109622 33.8222113834912 31.6635034199533 33.9069559056194
8.63636363636364 30.979754673925 33.0091397172025 30.8847235453594 33.1107075941399
8.77777777777778 30.2350144655352 32.2156139501167 30.1250981555056 32.3331578463209
8.91919191919192 29.5081774969816 31.4411642070783 29.3841561361558 31.5738675575792
9.06060606060606 28.7988133819455 30.6853319085318 28.6614379603667 30.8324079349702
9.2020202020202 28.1065020804134 29.9476694989808 27.9564954034926 30.1083602550368
9.34343434343434 27.4308336499564 29.2277401819733 27.2688912651996 29.4013156273439
9.48484848484848 26.7714080029881 28.5251176614597 26.598199098317 28.7108747635662
9.62626262626263 26.1278346698586 27.8393858893673 25.9440029443578 28.036647751999
9.76767676767677 25.4997325676433 27.1701388192431 25.3058970755443 27.3782538373634
9.90909090909091 24.8867297744904 26.5169801658193 24.6834857431787 26.7353212057837
10.0505050505051 24.2884633093917 25.8795231703582 24.0763829322024 26.1074867748126
10.1919191919192 23.7045789172493 25.2573903716391 23.4842121217924 25.4943959883887
10.3333333333333 23.1347308591082 24.6502133824492 22.9066060518457 24.8957026166083
10.4747474747475 22.5785817074316 24.0576326714486 22.3432064952071 24.3110685601997
10.6161616161616 22.035802146298 23.4792973502791 21.7936640354995 23.7401636595887
10.7575757575758 21.5060707764017 22.9148649657899 21.2576378504182 23.1826655084479
10.8989898989899 20.9890739247403 22.3640012972597 20.7347955003554 22.6382592716251
11.040404040404 20.4845054588778 21.8263801584916 20.2248127222236 22.1066375073464
11.1818181818182 19.9920666056726 21.3016832046674 19.7273732283497 21.5874999935952
11.3232323232323 19.5114657743632 20.7895997438436 19.2421685103159 21.0805535585684
11.4646464646465 19.0424183839066 20.2898265529796 18.768897647625 20.5855119151138
11.6060606060606 18.584646694468 19.8020676983888 18.3072671210715 20.1020954990552
11.7474747474747 18.1378796429607 19.3260343605051 17.8569906307032 19.6300313113152
11.8888888888889 17.7018526825401 18.8614446628628 17.4177889182597 19.1690527637443
12.030303030303 17.2763076259559 18.4080235051874 16.9893895939792 18.718899528571
12.1717171717172 16.8609924926702 17.9655024004985 16.5715269676632 18.2793173913875
12.3131313131313 16.4556613596507 17.5336193161293 16.1639418838986 17.8500581075873
12.4545454545455 16.0600742157508 17.1121185185678 15.7663815613301 17.4308792621746
12.5959595959596 15.6739968195905 16.7007504220271 15.3785994358881 17.0215441328654
12.7373737373737 15.2972005608536 16.2992714406576 15.0003550078706 16.6218215564037
12.8787878787879 14.9294623249191 15.9074438443102 14.6314136927876 16.2314857980171
13.020202020202 14.5705643607475 15.5250356177682 14.2715466758732 15.850316423938
13.1616161616162 14.220294151942 15.1518203233628 13.9205307701761 15.4780981769179
13.3030303030303 13.8784442909102 14.787576966891 13.5781482781413 15.1146208546661
13.4444444444444 13.5448123560506 14.4320898667568 13.2441868565949 14.759679191142
13.5858585858586 13.2192007918914 14.0851485262589 12.9184393850509 14.4130727406355
13.7272727272727 12.9014167921108 13.7465475089475 12.6007038372562 14.07460576457
13.8686868686869 12.5912721853697 13.4160863169785 12.2907831558957 13.7440871209627
14.010101010101 12.2885833238883 13.0935692723909 11.9884851303785 13.4213301564815
14.1515151515152 11.9931709747017 12.7788054012395 11.6936222776304 13.1061526010367
14.2929292929293 11.70486021353 12.4716083205118 11.4060117258182 12.7983764648476
14.4343434343434 11.4234803211987 12.1717961277641 11.1254751009339 12.4978279379265
14.5757575757576 11.1488646825505 11.8791912934108 10.8518384161682 12.2043372919235
14.7171717171717 10.8808506877857 11.5936205556024 10.5849319640057 11.917738784276
14.8585858585859 10.6192796361757 11.3149148176309 10.3245902109728 11.637870564609
15 10.3639966420901 11.0429090478019 10.0706516949757 11.3645745833336
